Date,ABEV3.SA,ANIM3.SA,B3SA3.SA,BBAS3.SA,BBDC3.SA,BBDC4.SA,BBSE3.SA,BRAP4.SA,BRFS3.SA,BRKM5.SA,BRPR3.SA,BRSR6.SA,CBEE3.SA,CMIG4.SA,COGN3.SA,CPFE3.SA,CPLE6.SA,CSAN3.SA,CSMG3.SA,CSNA3.SA,CYRE3.SA,ECOR3.SA,EGIE3.SA,ELET3.SA,ELET6.SA,EMBR3.SA,EQTL3.SA,EVEN3.SA,EZTC3.SA,GGBR4.SA,GOAU4.SA,HYPE3.SA,ITSA4.SA,ITUB4.SA,KLBN11.SA,LIGT3.SA,LREN3.SA,MDIA3.SA,MILS3.SA,MRFG3.SA,MRVE3.SA,NATU3.SA,ODPV3.SA,OIBR3.SA,OIBR4.SA,PDGR3.SA,PETR3.SA,PETR4.SA,POMO4.SA,PPLA11.SA,PSSA3.SA,QUAL3.SA,RADL3.SA,RAIL3.SA,RENT3.SA,RSID3.SA,SANB11.SA,SBSP3.SA,SEER3.SA,TAEE11.SA,TOTS3.SA,UGPA3.SA,USIM5.SA,VALE3.SA,VLID3.SA,WEGE3.SA,YDUQ3.SA,^BVSP,CDI
2014-04-02,0.0040935913882536035,0.0089159602327189,0.037753056302351595,0.041703196969073986,0.03703699410196948,0.025396756499254547,0.007509902758388032,0.055301861829837984,0.01980192956437543,0.017351024937837467,0.013978494623655857,0.032761317183455985,0.0,0.04122328522907415,0.016533936126599036,0.02223425557730141,0.030354186061214206,0.03532761686277297,0.04764604269763617,0.019607899100662518,0.03090508252966906,0.027673930705761185,0.01724136277318622,0.044444548092891,0.058877677098506886,-0.0049091986916918184,0.017786501831119406,0.017105278430553206,0.0021246737335069987,0.020581981080600276,0.024561407422486026,0.01679107332367713,0.033084265670806134,0.03221082871678549,0.03367877126223373,0.024324359280715857,0.011801857247799807,0.005935712014963013,0.030626802446161117,0.036117404459786284,0.020075223433710043,0.021998951113649134,-0.0010929525598054601,0.05610560236558704,0.06944444444444442,0.041958047590591185,0.004651142454291213,-0.01581277630390232,0.022321528177051686,0.03258581889181067,-0.003125011920928955,0.023519204575776165,-0.010846959085377694,0.0,0.0012307934736937032,0.010928961748633892,0.027156538113839446,0.00790330425313912,0.0025061855369528097,0.012124483811817743,0.0,0.018684877384094856,0.030181106981826966,0.037308614355036296,-0.0031554860042714017,0.017665557146137267,0.027692270802927466,0.028466282076785365,0.0001549208975772931
2014-04-03,0.0005823669896347639,-0.013953476302876688,-0.0008871838396090626,-0.015592032828581237,-0.0225713904848458,-0.005263131730592341,-0.007846169375702816,0.0096154486902722,-0.004746497536486705,-0.006822105639137432,-0.02067868504772008,-0.021903320760294553,0.0,-0.007662690753845847,-0.017871473961511897,-0.0026524682211701567,-0.018003434816549535,-0.0005504088912060556,-0.01299399546150204,-0.008097158176053498,-0.0492505726470418,-0.01746732102389159,-0.024011310469754688,0.038297808997107774,0.020851413235938754,-0.0004933511917117883,-0.0029126117967962495,-0.014230288905948685,-0.010600753460203505,-0.004172446062661428,-0.0017123679144775972,-0.015290519520925416,-0.0030990943442296137,-0.011631205252369159,0.002506219538241039,-0.007915612886879808,-0.006220942105609861,-0.012981450527906446,-0.02384245063318502,0.00217879423266254,-0.040590470658079525,-0.0007973051592486957,0.015317389120631963,-0.015624937703177078,0.0032467532467532756,-0.026845680684653206,-0.004629609481087038,-0.010282827556014063,-0.041484813293472866,-0.022734978215336765,0.0012539472102095495,-0.005106418690782877,0.018276833396670966,0.0,0.011063232173996518,-0.048648648648648596,-0.012441742695204483,0.01337633782733283,-0.009999881662952403,-0.02083341197834765,0.008403423572294066,-0.02292764078973164,-0.017578062062965194,0.011681558019518867,-0.04316544026911562,0.002789666592925677,-0.014114625130518421,-0.005667201794936294,0.0001583393919324383
2014-04-04,-0.01629800634856904,-0.002830186196602358,0.007104852940615913,0.008989686600418878,-0.03186198721360456,-0.011826938439253643,-0.005535835979788906,-0.000476208396044564,-0.0039020583950939436,0.003434537816217942,0.0016242555495398214,0.0038610186464320684,0.0,-0.0019305273454528482,-0.0053158520209433124,-0.0037235032418464487,0.010333262953583722,0.015418518081257826,-0.011245230432859521,0.017346946222987603,-0.010510464929127439,-0.007407420652531971,-0.012445726131228851,-0.019125700865149753,0.004255335381690539,-0.018262627593949365,-0.002434305308393947,-0.0026246694523468506,0.006785679531777999,-0.025837975173424454,-0.029731301576250813,0.006211203670828613,-0.012435287714440912,-0.014351350586101708,0.0075000371535649535,0.0015957330831792849,0.0054772199694752555,-0.012065245007748082,0.002831855706409092,-0.004347906315160355,0.0,0.01250003297278357,0.006465511394312173,-0.03809529150555113,-0.03883495145631066,0.020689689306065295,-0.009966815302562826,0.002597400184666032,0.009111789366798684,-0.002083276789412114,-0.004070164869803716,-0.016253172558032825,0.020512771606445268,0.0,0.015197579514881987,0.0,-0.007873948616908377,0.0036413257262792875,0.0,-0.005319067988256432,-0.020000051084475556,0.003790531882800652,0.010934359054573184,-0.013065946738665679,0.02706766406428973,0.007728136669016505,-0.000867616098784274,-0.006341425459072569,0.0001583393919324383
2014-04-07,0.0,0.0,0.02910056464205768,0.0564276597762583,0.0570651678361882,0.04031497491731306,0.024254497797372432,0.01810385066937492,0.01305769738449225,0.0,0.013513513513513598,0.026153857891376253,0.0,0.022565989998683422,-0.01747178339483113,-0.00587290317514233,-0.006928357222022674,0.004338449072832207,0.006934833571980992,-0.014042160438625162,-0.0022762280691090986,0.0007462988240443114,0.0017585117425693575,0.030640792514930126,0.015254182084064372,-0.027652048966215093,0.0004881190199594876,0.003947396076947607,0.0046115943202555965,-0.010035890395524771,-0.00471419722704991,0.013580203888494902,0.015739744553933344,0.02271406275063259,0.007444205336958998,-0.010621341277900265,0.022101244707842138,-0.023544938869357934,-0.017649135239905522,0.004366893157497387,-0.0038461724679790255,0.04544259406630702,-0.026766627396861198,-0.006600633697975478,0.0,0.027027010847333832,0.06375844209807835,0.06606214584262537,0.01354394606633913,0.029923434371619484,-0.021691249239024213,-0.006956515104874272,-0.006532626249448836,0.0,0.033233572080968,0.011363636363636465,0.03650795390229966,-0.06394557352375108,-0.012626364948088553,0.009625582378792075,-0.0008504034386891401,0.015105244256724104,0.003933132896062341,0.026477851677098485,-0.006735007390871184,-0.013803650650952681,0.003907952666283743,0.02100544223013978,0.0001583393919324383
2014-04-08,-0.004733707373607898,-0.008514656653536679,-0.006855300090838123,-0.028514019893569942,-0.03027705840930528,-0.01967905870734299,-0.027173942419248087,-0.004211476447571583,0.008592956435867327,-0.03137485013495611,-0.0010666666666666602,0.019490271807185655,0.0,0.0006304848362677085,-0.016736385979694512,0.0,0.00033229522108912946,-0.020518295459839075,-0.026721788246604983,-0.02238049529362207,0.0334601176290219,0.011185702139719478,-0.005266204668470165,-0.013513543131161376,-0.013355580427863889,-0.005687725412806821,-0.006829284310193473,0.007863688319739603,0.01306502086310668,0.0101376305445402,0.002960399420726123,0.014007280217275042,-0.01962800073846005,-0.0145216338082933,-0.016420345691125604,-0.019323636405746525,-0.01781635215003785,0.014084550630147241,0.01257637019149227,-0.021739114570448526,0.006434992708097331,0.032914608000072176,0.0011001667618766309,0.04651165823733394,0.05387205387205385,0.07894738069252094,-0.02839121464410499,-0.028554030346080617,-0.02672613180153882,0.035472947963006485,-0.020244249714832407,0.003940461995911804,-0.013657045678149293,0.0,-0.014778294813973525,0.011235955056179803,-0.03369065745092126,-0.028585279555957355,0.0025575657481322622,0.016949238156632296,0.0014184910551753305,-0.011514590019388149,-0.06072476819222483,-0.00239957500565513,-0.023290082725168415,0.016485157583091326,-0.0008650716711796624,-0.010085322596107726,0.0001583393919324383
2014-04-09,-0.0011890838361375833,-0.007633581013398727,0.011216494601052895,-0.03224475690057671,-0.012371131793007084,-0.00833854894927566,0.0023943086420477044,0.00422928799434974,0.011927559918618824,-0.04416961249818874,-0.02295782167645488,-0.008823590872607756,-0.03508765556774507,-0.023944544023523306,-0.004255335381690539,-0.009666988274741661,-0.02690126910607349,-0.01047405753712971,0.01585054690610077,-0.0520291381751079,-0.013245055419775276,-0.0007374929015329101,-0.026470632371604186,-0.06575345312288239,-0.06937391844293217,0.006240293400414876,-0.04223970166636748,-0.0026007777344208005,-0.01324505531769593,-0.025806439942549164,-0.014167636573307552,-0.004804800332669057,-0.015806275622281207,-0.01329095290901472,-0.020868137204851922,-0.029556649188670847,0.006976818780983551,0.008888880411783928,-0.016323668801976554,-0.006666683007098384,-0.029411662122884263,-0.0026757628002531675,0.003296757896027902,0.038095187652164686,0.054313099041533475,-0.02439028343248073,-0.011038966266556982,-0.008755434124602668,-0.03432487535162165,-0.021207188780612563,0.0003279838949461489,-0.009594470901662655,-0.001025835673014286,0.0,-0.02323542485805785,-0.0444444444444444,-0.0213946164052784,0.016957614240674435,-0.0020408125673857525,0.005208253653516293,0.01841353062868145,0.007168448942356909,-0.06256521083660405,-0.008418484468641685,0.016601239713283755,0.009791876391135323,0.005194758870264993,-0.00859981793178255,0.0001583393919324383
2014-04-10,0.010714267871797967,-0.009134572830335252,-0.023890704999986245,0.001708710627427168,0.0011929613094889824,0.006540030696124077,-0.002786687891487616,0.0009359266801931554,-0.0010524261218287645,-0.028958676932268834,0.005464480874316946,-0.03560827585582371,0.0,0.012266037494057525,0.0,0.009761351141774899,0.019112542313891145,0.02980497131519666,-0.010866556395822458,0.0010977200064443693,0.002237116578116982,0.01180816762116721,0.012084580829157865,0.026393035307823443,0.0072727203369140625,-0.004651170584682673,0.0,-0.0039113702099004,-0.009537299104853125,0.0,-0.010778460895357389,-0.016294536073407917,0.010706783084283744,0.010834579912179398,-0.019607869440894765,0.015792363762751283,-0.002771370343444546,0.0022026095806457757,0.0014430345064284644,-0.035794200245700125,-0.02503289619397897,0.006341422476419556,0.010952891821967237,-0.036697200897659155,-0.07272727272727275,-0.02499993078124718,-0.003939557960982887,-0.010725556605834075,0.014217935000211845,0.012333380102300895,0.05081964711673925,0.019374749088319154,-0.012833727021884789,0.0,0.008431171516015246,-0.05232558139534882,0.008097096304434892,0.025012272886126397,-0.01840487400464208,0.0,-0.0008343946773948785,0.0030249124345160805,0.012235885778880462,-0.00545786257350489,0.005938255432437423,0.021212249971306774,-0.013781210348278394,-0.001133144475920722,0.0001583393919324383
2014-04-11,0.02473501647065124,0.10868500247858148,0.0017483127403437049,0.01620465451613784,0.02472441543672721,0.02629952425819515,0.0259481654960394,0.00046752577025444,0.028234346622182382,-0.003807133169118959,0.005434782608695565,0.0,0.11818173832381929,0.014668356592378196,0.046581203861419285,0.020408242875644245,0.0291361334969773,0.041384919211304494,0.01239445619827273,0.004385960784535126,0.02157737878774224,-0.0007293536093073705,-0.008059686918676756,0.012857007344992288,0.01805052442619881,0.00311523703163874,0.005128086170209212,-0.003926666687887215,-0.006062785298475815,-0.00809424454763863,-0.004237269545069644,-0.0024539269969882094,0.019067689467475946,0.023754343690074675,-0.01739128848329996,0.004442017191989667,-0.006021413599146763,0.00010991358955769748,0.008645524824904882,0.025521956829486214,0.0,-0.002423617988101201,0.007583901175949537,-0.022222236069340373,-0.016339869281045805,-0.05769234264299694,0.029004586563640578,0.03252552416810173,0.02336458986663148,-0.005597638565219443,-0.004992195045892434,0.008639341954000068,-0.012480292027744477,0.0,0.015228586352951767,-0.012269938650306789,0.011245027535903729,-0.0555023860566789,0.020833294159260607,0.004663220525681133,-0.006681531758875092,0.014724155174524522,0.021978000096834593,0.005182987426734176,0.009445058242837812,0.012165968402648497,0.026200890456968162,0.014473761417646225,0.0001583393919324383
2014-04-14,-0.0017241167615239528,0.03107227771132659,-0.005235597192677299,-0.015107033634248368,-0.009883648441179727,-0.012360617037754373,0.010116665907190736,0.001401825205225249,0.004098341135513106,0.0019108110404872924,-0.008108108108108136,-0.019230769230769273,-0.04878045047853963,0.0012571281336615225,-0.02409147236022835,0.011578891031122085,0.02603295167109443,-0.01168839378318054,-0.0011129887502683289,0.019650688665309834,-0.008011628575723129,-0.01459863531906569,0.013241092199615556,0.023977542323105228,0.0132979233825814,-0.019151083733396135,0.004591943887797489,-0.02496715556990592,0.004664544073047505,-0.0007417478435293168,0.005471133642173109,0.00615008487466695,-0.010394963481533237,-0.012733478918861563,0.0044247282355163176,-0.004422372935381169,-0.013668783937091145,0.016371804101187326,0.01035717555454796,0.0022623769170719843,-0.0013514049905445358,-0.009232290318852532,-0.021505356937601028,-0.029220767495891087,-0.05315614617940201,-0.020408136204359106,-0.0160153751120079,-0.016059309469131477,0.011415574712076104,0.02284765669460831,0.03198496322626987,-0.0038543961934712767,-0.020537138622894746,0.0,0.013529398221874489,0.0,-0.0031770816484814057,0.021276599856320688,-0.010204062836928984,0.015987693813776627,-0.002242185150003184,-0.008741301002502588,0.008602142157561943,-0.006369514449336866,0.014619915840136555,-0.017883223370710577,0.00765958745428863,-0.005224902153585176,0.0001583393919324383
2014-04-15,-0.0017272042912153118,0.005942330348223335,-0.023684188236489878,-0.012782243111947866,-0.01644157015228831,-0.009462716913185232,0.009245057277769586,-0.03406442323063752,-0.022244943741748457,-0.013350228263439678,-0.01580381471389647,-0.047843110327627114,0.0940171077680414,-0.008160709882956252,-0.026778217567511198,0.034339274755558424,-0.022518168926770943,-0.027595127078636428,-0.03621170931896023,-0.04175592472712053,-0.01688689751607053,-0.007407420652531971,0.010394964758378755,-0.008264441632270136,-0.016622968415108463,-0.004221631687873595,0.0025393315132355987,-0.01886790634044322,-0.020714248042079997,-0.018559869656639916,-0.03264817930090946,-0.02322744828473866,-0.02415967668638741,-0.024075652392209768,-0.00792946224267399,-0.00777336673648954,-0.011496089676082177,0.0,0.01767408921240321,-0.05643326855896169,-0.014884932544853124,-0.016674848590750857,0.010989000854565667,-0.10033447962985031,-0.11929824561403513,-0.041666671793981425,-0.03450519171989641,-0.038292567398970356,-0.029345541911881767,-0.012625472822612616,0.01914315013783785,-0.030524547929268064,-0.022043229279632426,0.0,-0.02060368198723539,-0.037267080745341574,-0.017529919202579958,-0.027777751497069958,0.0,0.022842580617427055,-0.024719058679493422,-0.011640221684435126,-0.03944561631608634,-0.05555549086457978,-0.005763701505122065,-0.0029850789352900975,-0.00548990990033138,-0.022133498720831035,0.0001583393919324383
2014-04-16,0.008650633415754339,0.031645508879100115,0.015273826627152154,-0.00258953240158899,0.010447722409361537,0.01171030911155535,0.003816735542334193,0.014009689983103035,0.01836778701423758,0.01804121937581038,0.007751937984496138,0.0296540071249054,0.0,-0.003797518530279209,0.01719688798771357,-0.018611671960084064,0.01752110717357991,0.046756571773276745,0.03757226526727364,0.02346369191310793,-0.001493686127771121,0.02835827445220329,-0.009700174265622419,0.03194432877853681,0.03202852470483175,0.021727600910311562,0.013171344164185417,0.00961534241852191,0.003282223841294174,0.005295078726290647,0.014999985694885254,0.006257846328807437,0.013993603854751901,0.018208528014712178,0.015097723458241674,0.026860683294656518,0.015453242959033275,0.03481082544319869,0.03681831998034757,0.047846855918497466,0.0315933639381889,0.01496265116333051,0.010869555302062572,-0.007434975206209504,0.007968127490039834,0.028985489567318057,0.016857720922868635,0.030026112748708478,0.0023256811977223624,0.013114827226649028,0.04353008481275111,0.004434606867098179,0.009346037082621494,0.0,0.023703702729923615,0.019354838709677358,0.020275737200111,0.03826530537770134,0.0,-0.010918080273916053,0.0025921933111960893,0.01623839629095003,0.0022197007304447514,0.004524867072782657,0.00898552722975765,0.03233533754752016,0.0021231909141845584,0.014805565465572545,0.0001583393919324383
2014-04-17,-0.005717664195937777,0.02249489637947777,0.012389497714409448,0.04327130997790074,0.02865586550853294,0.018276011096787448,0.0015209474025754677,0.01810385066937492,0.004919066897634217,0.02468356573510988,0.0005494505494505475,0.012799987792968759,0.0,0.029224944899400196,0.008664409341848645,0.0020502113036189318,0.03380099625525923,-0.007745877843805982,-0.01114212672218795,0.02292576873855534,0.009723269674918322,0.004354172024129355,0.005639671606533669,0.032301529046215416,0.03275854726467298,0.01037338425663803,0.011999959420888384,0.009523833002672122,-0.0010905268665218903,0.040631990292929965,0.041871940564009114,0.005597024441225784,0.023354476241145727,0.02538213351280727,0.027121537772202498,0.013623913839516,0.0006275266947251001,0.019431642771206237,-0.01005028946650921,0.011415407877312544,-0.021304865478041335,0.00024565900112483163,0.012903214162560683,0.04868912848119611,0.035573122529644285,-0.021126732441975715,0.036472161373837464,0.03802277807025267,-0.011600978778925741,-0.0019418005972100527,-0.0022857666015625444,0.014569533300833992,0.0005445968798007961,0.0,0.008972543387992582,-0.006329113924050667,0.00953890050041295,0.02702698902951206,0.011855725580475429,0.009533393434433268,0.01120360266627296,0.006145779214713487,0.03433005855856197,0.018339758565747433,0.011203640572452489,0.00522029426791315,-0.008474608462146094,0.017792621237866513,0.0001583393919324383
2014-04-22,0.025876953827493,-0.003999939117429352,0.017482627224561176,0.006221468881500991,-0.00459505934208182,-0.003290449683388652,0.004176181082548469,-0.0060833298079578935,-0.0010197994092078222,-0.008647392982017554,0.0038440417353102774,-0.0007899075041363224,-0.1015625314034233,0.012345643712287746,-0.018227507651972674,0.01687981704019581,0.029303051990225537,-0.017174115008022683,0.025915450264921924,-0.012806818252369956,0.016296316076207962,0.02601156311329178,0.002656453043714313,0.029986979948124937,0.005843126141344301,-0.02823404774050653,0.021244948986577583,-0.009433985302105263,-0.006550209871059254,-0.016630538129414396,-0.028368767143733042,0.010513300896217936,0.0062240943051388165,0.007032393218276312,-0.01192503193367267,0.04408605223191353,0.008153172307371115,-0.011580136207921754,-0.015228388061223619,-0.006771810363762398,0.0013605268382383962,0.010808215458154358,-0.0021231403590106224,0.025000017525260265,0.03816793893129766,-0.028777024274104668,-0.024952037138017857,-0.0256409733906221,-0.021126763741048715,0.0,-0.01632301617160803,-0.02219322189038675,0.02994010197889163,0.0,0.0011474695668742818,0.0,0.01181107935935577,0.031100460784409423,-0.006622631588734773,0.022862776604644752,0.001420424280732746,-0.009424117965082912,0.00321196279240743,-0.029699859253940475,0.007954563274943371,-0.004904601743492609,0.0,-0.002590574147988911,0.0001583393919324383
2014-04-23,-0.011771263468548399,0.008032005768925154,-0.006872968372670374,-0.01690024087155606,-0.010386610611808345,-0.007503049300276454,-0.0022684828567220983,-0.005649638274129787,-0.007758289327639445,-0.01993767663772328,-0.014770240700218817,-0.020553303007745605,-0.043478208680430064,0.012195205191688485,-0.033717494888501065,-0.015090553061477552,-0.024572945061419493,-0.01376745649116462,-0.006040601273201718,-0.01081085205078125,-0.015306124931471987,0.0014083715010939635,-0.026199583367577772,0.002531639149248033,0.016597494282109215,0.011621727934908677,-0.010643487178065847,-0.020408176505266273,0.005128209035277997,-0.0044117483341965524,0.0030413160241062887,-0.0024480364231214136,-0.004123636860690949,-0.001955291443847762,-0.025862045577248804,-0.004634464666259275,-0.01632987726654589,-0.00570252719232367,-0.027491447901100474,-0.03636365221673188,-0.035326206442565344,-0.02381539053691839,-0.013829830686883593,-0.05226477083058101,-0.0404411764705882,0.0074074195610427385,-0.0013123034376455456,0.005012586290047416,-0.03357314024319269,-0.0012969816490352448,-0.013391531438326387,0.0008900960558457793,-0.021141666642639945,0.0,-0.007736405920629297,0.03821656050955413,-0.0038910171955687245,-0.008816641922763213,-0.011281979545844978,-0.021380006593235246,-0.03092189853953542,-0.006870992225104566,0.01387407855162004,-0.013676267713002566,0.02536639991676659,0.005508785289618956,-0.012393120209671427,-0.007830386517113319,0.0001583393919324383
2014-04-24,-0.013045928701876264,-0.031872368727762224,0.003460142741793293,-0.007127885684481083,0.019533487873519162,0.01602662545919764,0.012125793945631624,0.01041656871411023,-0.00041146297929872677,-0.01716462250137929,0.01721265963353691,-0.010492341472046696,0.0,-0.01385552674720092,0.0026502374076233792,0.001021492351584996,-0.02795717312497248,0.009395923969780728,0.0019337011026250295,-0.020764982328362103,0.021465577863800656,-0.00914201538813686,-0.017533278778628092,-0.005050552504123673,0.002448957793566686,-0.006266262886431062,0.0048901544889621285,-0.0027777752022684066,-0.010568494059237099,-0.0014770993687450718,-0.0012128840534432195,-0.012269869015459345,0.02173903921726783,0.021550460319248677,0.012389369029223163,-0.002069239677696233,-0.003952537507718512,-0.01428566399512543,-0.00812719252427152,-0.01650939901774684,0.014084476867828322,-0.05302457930069393,-0.024811254510342495,0.0,0.011494252873563315,0.022058859456098867,0.004599191432069771,0.005610862849274367,0.009925804940466465,0.0,0.001770474310168968,-0.019119622478964704,-0.019978413692223307,0.0,0.013571994716709446,0.036809815950920255,0.0046874751418539695,0.00936324203539085,-0.009336134118085648,0.022840169104360486,0.011124136456343026,-0.0047897624125379235,-0.05578944557591492,0.016507097553228878,-0.01319397487606222,-0.02799885600209917,-0.006923402993786243,0.004789606360287024,0.0001583393919324383
2014-04-25,-0.007471245718485453,-0.004115398825403016,-0.02931025967301837,-0.01520272828175917,-0.007434942938192246,-0.0020833612401259805,-0.013478049994101626,-0.0140579583838365,-0.0020584917196728725,-0.007115113609691193,-0.022925764192139764,-0.013050558272844515,0.0,-0.026267518536902235,0.033039646466640926,-0.010204190875717556,-0.010745720468809616,-0.013297852302503688,-0.02122966031132245,-0.017857125751218117,-0.026087000389555248,0.0007097518547980464,-0.019076934227576614,-0.027918712432909443,-0.01221495291465946,0.005254780373774137,-0.0034065081531665653,-0.004178235889753967,-0.023941126866359075,0.0007397310873522578,-0.004250133439135051,-0.006211203670828613,0.0,0.009589078668752693,-0.005244750435343226,-0.10834627976493072,-0.005872915024690006,0.008991838230687499,-0.001068713203527638,0.0,-0.013888859546820731,0.009989412309999723,-0.0011061357694623908,-0.06985296041104916,-0.0492424242424242,-0.04316547267015147,-0.011118383042385771,-0.006199533746060082,-0.012285122670574466,-0.009740313523243671,-0.0014727315445344225,-0.02538528918855798,0.010468429340099838,0.0,-0.018233527327583432,-0.0650887573964497,-0.004665605233301062,-0.011595547597063605,0.0,-0.024757292205712544,-0.008396049409255757,-0.0023173740550038735,0.0033444517366918447,-0.015264735522177442,-0.01392760636808632,0.017740138969745134,-0.0030501786425163324,-0.008066850647470925,0.0001583393919324383
2014-04-28,-0.002316200335755192,0.0033059006123061785,-0.01243350852653502,0.005574659940672522,0.00028813658547721666,-0.007157771953468228,0.0034155655136605123,-0.05228146434234249,0.003094106772680627,-0.013029365340009424,-0.009497206703910632,0.023140473069735767,0.09090909090909083,0.01756594311906512,0.009381633526519106,0.0,0.0089456462482147,0.0045822888583173516,-0.0028168771773880996,-0.01704551919925168,-0.012648744637444476,0.0035461053617116267,0.011606004169632866,0.005221918782081225,0.008243975832808115,-0.018295791399661976,-0.011230238717021002,-0.013986000461365,0.00754720387212382,-0.0029563819100475452,0.0036585041059751244,0.015625,-0.006078963278995264,-0.0018995775824155459,0.016695896338447813,0.011627897695390299,-0.0020757196086401697,-0.0013629603890799036,-0.0032097057649542737,-0.004796251320073108,-0.02253514821346214,0.005465978895846657,-0.013288908793189447,-0.0039525533264328505,-0.055776892430278835,-0.01503761802702197,0.03505289265758438,0.03306292929471999,0.012437924093834374,0.005245973783213342,-0.002654871638255951,-0.010697653127271112,-0.0038168761995126532,0.0,-0.022054622192257844,-0.03164556962025311,-0.0046874751418539695,-0.011262307702153196,0.0031414079892468916,-0.029367852071016,0.010218927273558664,-0.006967974389393339,0.0022222730848524552,-0.02407650229498326,-0.028531135285018716,0.009473133912979437,-0.008741209044000664,-0.00029183447148772856,0.0001583393919324383
2014-04-29,-0.003971037959952128,0.029654008289660805,0.03417276413717363,0.01918971603199271,0.009792624659063165,0.007810174537340231,0.0022692687114396204,-0.011033099818200331,0.028171862336417774,-0.0019801804439980586,0.015792442188381273,0.02019386087956354,0.0,0.001849592789729515,-0.0021123462990869646,-0.03350512703044084,0.000949864264109701,0.020659893052069833,-0.011016969134428622,0.016185011502525493,0.001507121582475568,-0.059363963335927306,-0.002480588291392638,0.03636354400116559,0.03352418777044819,0.027156560715383637,-0.006913595905617909,0.019858136552901584,0.010861403709501172,-0.004447811105605215,-0.0048602629499245875,0.022769282414363046,0.003058209272341461,0.0005437043050355861,0.015557553500227472,0.007471247201086051,0.03119999477569957,-0.007874015748031482,0.0007155116232253622,0.0216868012852105,0.03602297525605613,0.015531930042226305,-0.0291807843817824,-0.11111111832315201,-0.10970464135021096,0.038167933252141406,0.006389800888641606,0.007850306298777143,0.014741816599205482,-0.006849395437647621,-0.016563186943062358,0.02021628095540673,0.03995630177102827,0.0,0.005934741261963694,0.02614379084967311,0.15777070074620192,-0.000949238635659988,0.017745216935708852,-0.030769250331780795,0.021676253172790316,0.007556661179102031,0.0,0.006421106220947381,-0.007560292200822105,0.004879899410538124,0.02292770946943068,0.008854896465825934,0.0001583393919324383
2014-04-30,-0.0489510582783933,0.0060000231170662666,-0.008695582406050839,-0.021338922051129194,-0.01968057838760362,-0.009836114550927588,-0.013207561564895332,-0.02434074334087022,0.007999962169814356,0.006613781893294535,-0.007773459189339249,-0.009501178501326923,0.0,-0.009846184288102577,0.005503774604049605,0.010666674127434606,0.008225376042950039,0.0002629056193650392,-0.005998284424364231,-0.026166045874230215,0.018811136246620563,-0.0007513451050595865,0.03077400586789847,-0.02631575486609594,-0.0007911573267573857,-0.0005184151584869401,0.024365864596076037,-0.005563276986744636,0.014820370486143153,-0.0037229941999669114,-0.012820457584371892,-0.010228644266529807,-0.006097587209310307,-0.0008152271036945269,-0.004255359799898217,0.016543022689121223,0.01784329767279713,0.015343923417348693,0.0064354776401385205,-0.018868046167232366,-0.018080585308859698,-0.023706355239043853,0.034682049378943036,0.01785714416110573,0.018957345971563955,0.007352953152032882,-0.004444425068204416,-0.007789159014701896,-0.012106590497130476,-0.0006567966368574707,-0.025263162483846302,-0.0046083123481043264,0.0,0.0,-0.0162241816206401,0.019108280254777066,0.01016953923846442,0.0,0.0,0.05555561722761726,0.03111738503675232,-0.008214337621215373,-0.029933530383723816,-0.0077233527294074955,0.01523583373075188,0.005229940855652648,0.025862002344394508,-0.004108875557013114,0.0001583393919324383
2014-05-02,-0.0140931094691914,0.041749435360333154,0.04035077647599139,0.01966656707245873,0.022985121816805787,0.01745946072622817,0.01873804123388756,0.039501020723493374,0.002777852210406495,0.01839682838756307,0.0044767767207609666,0.0015986813527935073,0.0,0.0006214722438753206,0.052421087967722046,0.018469616538520972,0.06306854053801647,0.019710933976594625,0.0028736220549760993,0.04556067412738529,0.014032465355878543,0.036090230367466614,0.00874548974742595,-0.028313957914330667,-0.14093426103266393,-0.004149373488428698,0.00631062026835294,0.05174823505230575,-0.048192832840799005,0.050074729152847386,0.04823751904547158,0.050455920073631866,-0.0020450907277032027,0.018493367600351807,0.021367547039886414,0.048260434585934986,0.031707240151304994,0.014486705352745766,-0.008880994791752417,0.08894222927005901,-0.0014164868940786945,0.023498734825248446,0.01675982040872781,0.039473669107193965,0.10697674418604652,0.05839412565187296,0.03443871158602363,0.0688406602513254,0.004901935379917122,0.02366086374738363,0.030237567011731414,0.028240680195831702,-0.00947385118543198,0.0,0.011993954416758434,0.08125000000000004,-0.0026845940051578587,0.038004806337508024,0.02307701010982055,-0.030576470527497124,0.010699676070783593,0.022146278843603096,0.02742854527064731,0.0219966681103565,-0.0014430046382819528,0.007060414666791637,0.011344557412558132,0.02622709487467545,0.0001583393919324383
2014-05-05,0.02548165590577489,0.015267162235192977,0.0008431093002554402,0.019706469846417995,0.016780464749068802,0.015088753286442325,0.01539038501522727,-0.005999915594670724,0.015235388424222673,0.014193565614761816,0.0,-0.0007980267694026599,0.049999958169619774,0.009937919545653928,0.02340464352193239,-0.007771974142483984,-0.010330551024900325,-0.0020618260180805814,-0.012034379656203464,-0.002234581510119349,-0.005098302779172337,-0.018867915273726332,0.01793720247125674,0.022516467084501057,0.01658980139842936,0.006770789354213491,0.02122524732523945,-0.013297859692314451,-0.006137270414576901,-0.0042704465632278366,-0.0029499198913610636,0.007523099282459533,0.044774567015987365,0.010680997626855149,0.01924688807681063,0.0064239358807540725,-0.018616971501223323,-0.007088541459085218,0.0017921557380944364,0.026490136332652403,0.017021284510558843,-0.006887766645630733,-0.002197800170913089,0.054852308153125584,0.004201680672268893,0.013793126204043382,0.01109742988876583,-0.007344692797270014,-0.004878023623333783,0.014446203324083084,-0.014674988701001257,-0.03196754226653831,0.02072265289060704,0.0,0.007407506872087799,-0.046242774566473965,0.006729551125503663,-0.009153352835136186,-0.0025062860739207826,0.005687725412806932,0.008414664718342957,0.010040433301242047,-0.021134547855463315,-0.002980137427623375,-0.0011560719277795561,-0.018819170736657065,0.017864574600233274,0.008795771989430046,0.0001583393919324383
2014-05-06,0.009090885971531737,0.008646635990618101,-0.0025273779696375342,0.015625044115280318,0.005594404637767614,0.007286481190966976,0.03512017706964965,-0.002515185026355282,0.005067284842093622,0.008269727241263514,-0.024512534818941556,0.022364195106523654,-0.007936518212300903,-0.003074992133285548,0.0046911977948127515,0.020887742764221784,0.03429775490680709,-0.0018077974734733715,-0.01798146816393731,0.03583423111853068,-0.019033691931635954,0.0155325283730674,0.0020557913483814083,0.007772001516078264,-0.004533108970565136,0.003103955829239391,0.0014172078963590184,-0.026954216178686208,-0.008876830663196555,0.006433228127032953,0.008875717273141515,0.008615716246118676,-0.0032362956962134204,-0.009247063120092491,0.009852207414675407,0.008510611218141229,0.00180672521757419,0.003517888897230037,-0.015742415815638844,-0.008602103962629726,-0.01115760621716022,-0.0007705825600233807,-0.001101378334606884,-0.04400002067513342,-0.06276150627615062,0.04761906483965017,0.0396341240030178,0.03813318656410192,-0.014705747247740764,0.0,0.003951284115160769,0.015813960585483233,-0.010931656478682661,0.0,0.0005881536533243192,0.0060606060606061,-0.008689870686463874,0.009237910691151763,-0.010050232516511048,0.015424124693721009,-0.004037599175463424,0.018486296443528394,0.0,-0.009631381921249238,0.01041668979266519,0.0026326721967826483,0.0,0.006249298357220434,0.0001583393919324383
2014-05-07,-0.02102104441373087,0.024972050906804544,0.013513684131293724,0.012550585278018112,0.009735776443016597,0.011863403703268549,0.0,-0.0015129162801872376,0.0015512976916414178,0.01577287028284724,0.018846373500856606,0.019531249708961695,0.0,0.01110416437716144,0.05175096825771197,0.006138049612159913,-0.01672445311128412,0.006985751971156029,0.021854713106428836,-0.0345945616026182,0.011940358629948689,0.005826610857263326,-0.0020515737408344226,-0.032133627940231446,-0.026411655186095007,-0.0015471263662282242,0.009433968637433399,0.02216071037379086,-0.0019470996749603176,0.0241476345349374,0.03812325835569763,0.00968109803326933,0.00324680331179783,0.006933340958854117,0.0008130500113177064,0.010548515786775514,-0.007965162092571476,-0.0022684055297885752,-0.03671393022459779,0.008676742201100485,0.011283503101517045,0.009511540292321596,0.01874315072256083,-0.02092048748792219,-0.022321428571428603,0.038960986658796326,0.02052788252969262,0.01864035947666287,0.014925233966059048,-0.003164471149855519,0.023009450933035858,-0.01007322856306958,-0.007894701984119012,0.0,-0.00970013504677636,0.024096385542168752,0.00134863284304787,-0.013730029252704279,0.010152265141754935,-0.0015190221086333056,0.0037837806353158143,-0.010616455956874327,-0.006818229354116467,0.005030168345585562,0.0022909557782548884,0.007876813266298077,0.011428599454918587,0.005076236519152122,0.0001583393919324383
2014-05-08,0.0,-0.0389089784732457,-0.02249997854232788,-0.04278287425157923,-0.014600581695193626,-0.011152377045850037,0.007142884390694659,-0.0025251388079292614,-0.0029042070229189365,-0.01863355177805759,0.023542600896860888,-0.011494296552661099,0.0,-0.017693694593311715,-0.0005549869262297946,-0.021860625179825455,-0.01466273731938561,-0.010534415261155283,0.004046241365551317,0.006718864937508062,-0.0058997695357470015,0.005068855738521227,-0.00029366447258549755,-0.001328049599776504,-0.0009353859307785761,-0.0036156866021372913,0.014486007734571205,0.006775028878369227,-0.0031213155010898497,-0.0027739147021229593,-0.011864462303357248,-0.008460215589568665,-0.015102477691448901,-0.015360203335439526,-0.013810024935832499,-0.005219203047645227,0.0074230618629709255,-0.023457610794651917,0.003396232173128011,-0.03440862211125395,-0.01115760621716022,0.022408990523483885,0.035714310042713304,0.008547044393840464,0.013698630136986356,-0.02499993078124718,-0.03333332967940872,-0.037674960485135855,0.026960762373564817,-0.014920696261088828,-0.01479727690004995,0.012025823840921879,0.010079416735419011,0.0,0.02107449483428603,0.00588235294117645,0.015488188866294772,-0.022737809209546933,0.012562815843032649,0.01622726233850047,0.021001553888295277,-0.013499466429632512,0.004576654794112178,-0.01668335039891722,-0.0020000043843720894,0.025307042006055713,0.008878099566520747,-0.011673727637688924,0.0001583393919324383
2014-05-09,0.01411051903990379,0.012107333278847943,-0.00596778154078037,-0.015037619144553371,-0.012021278981120265,-0.008386362088558141,0.0017730225428311819,-0.008607604377219524,0.00679614287104946,-0.025949357117890037,-0.016976998904709717,-0.03798447950450334,-0.03999995181139948,-0.0024845248405431786,0.003886783341005451,-0.024948104088595602,-0.010714319682257667,-0.004674210212063157,-0.032815282912958876,0.005561756619337999,-0.0014836427869816537,0.0014409107630113382,-0.022032916191878194,-0.07579777997412052,-0.05337084571264472,-0.017107403597324655,-0.006909345312566484,-0.004037649214576056,-0.035616463725926306,-0.004172446062661428,-0.0034305012422848336,0.011945448960901883,-0.0021904646847100695,-0.008875732311852236,-0.014826918897572816,0.0,-0.010526252297356486,0.0211639404296875,-0.016547594265989285,0.04454340320221806,0.0014104193928117237,0.0062266498256260405,-0.0020898622115971266,-0.03813557853624239,-0.04054054054054057,0.07692308566074924,-0.009512476237520051,-0.011744915790233845,-0.009546490108516825,-0.0009668327768221907,-0.022228947375055208,-0.008226618132138985,-0.03361344866122662,0.0,0.009883731535428097,0.03508771929824572,-0.005968171115414034,0.00807217856623721,0.037717150733528326,-0.012475049330276988,0.0073839605693686305,-0.006315860879945512,-0.018223217799343217,-0.008483203455207144,-0.0037217373477038684,0.0029038227516096082,0.020400009155273402,-0.00602747931563774,0.0001583393919324383
2014-05-12,0.009074386708976867,0.023177603119296064,0.020583173980341707,0.008057698671432245,0.0022637927055875195,0.01808106171561885,0.005309721009921109,0.02655765432004853,0.005785932179980469,0.007147475907950396,0.0,0.011281252622412197,0.0,0.012453385130903882,0.020464542059462465,0.018656783837233126,0.041817128187224606,0.014870896724098248,0.001488169043123655,0.03318586194699158,0.002228806306550535,0.0035971285490496996,0.010814062298796223,0.038848855190268594,0.012858567641499175,0.012130878728434213,0.007885094182700447,0.00675671800720723,0.010551910624621685,0.022346368246297876,0.015490559554580008,-0.0033727583025948693,0.015367722443670129,0.019267225244705255,0.013377825801356824,0.02413437812978203,0.030547074445814282,0.02041460109687776,-0.009560229584968938,0.02345438975447034,0.012676043956108884,0.0004949663938402793,0.024083802070094418,0.0,-0.0046948356807511304,-0.02976189911139482,0.02521008884397946,0.02037354888495657,0.04819275155226288,0.022580665921331233,0.0012289068038380258,0.023963065996897237,0.022282562518946225,0.0,0.029360998380677295,-0.005649717514124242,0.002668409424010809,0.02967503917566594,-0.010043046561210245,0.005558297014358615,0.0013089478822703171,0.010946346653241346,0.010440853107047676,0.047227963742098034,0.005747139107958654,0.004705049342038858,0.024696164449788283,0.017947269303201452,0.0001583393919324383
2014-05-13,-0.004796158407816775,0.02301790789282787,-0.008403294672852502,0.0058897512390543305,-0.0002822917923712698,-0.0048696404580734765,-0.007042213319620072,-0.005970168302220635,-0.004793860317803822,-0.004516109343497998,-0.011142061281337101,-0.027888476187284628,0.03333327058776292,0.011684993846098779,0.010840150051655284,-0.013605472342609892,-0.002887652011315689,0.010796925208361507,0.04368497800751503,-0.005353339391649725,-0.0066716200233434275,-0.009319026384758233,-0.0035661467724606988,0.01662045688715108,0.011718739086063357,-0.007816551034694363,0.0018406204591401298,-0.02818792530515335,-0.0004015769045875306,-0.012295117624279595,-0.005649738822560368,0.008460215589568776,-0.006486673968213785,-0.006123422875953355,-0.005775529281423664,0.007684370123795858,0.002801948911131502,0.0018278935061433188,-0.005791491148245287,0.0,-0.020862264322170865,0.005690335659399137,-0.0020449878008673705,-0.03524229265348544,-0.04245283018867929,0.006134924639995987,-0.0023418623160058605,-0.0038825069055432593,-0.020689658219952722,0.005993682975501402,0.0033752871996481915,0.017101758769490605,-0.003721242004642078,0.0,0.02488814540715989,-0.011363636363636354,-0.0019959644506835073,-0.0032021817415262,0.03574877317251968,0.02261310409877737,0.020915037197012598,-0.003143519119007787,-0.0022962637974829336,0.0016339619750731504,0.023142786088192535,0.0014408385321185158,0.014919713316883687,-0.0027010526705271154,0.0001583393919324383
2014-05-14,0.006024119227211244,0.005357163475484983,0.0033897670169358296,0.004182366462062159,0.021180348794065162,0.01669547498998214,0.010638270529935934,0.02352358177206626,0.005780357978980355,-0.003240452997145482,0.007323943661971866,-0.052458967184769834,0.0,0.0291793673253411,-0.0028596933910695066,0.001591523747249024,0.013032031589773396,-0.007884105913636197,0.04783597560899877,0.008611401941286623,0.007462715247501972,0.02026054168591518,0.022666262120648373,0.02724795410121117,0.003861000306814244,-0.007353008942499462,0.010565109918545756,-0.006906038049498853,0.014061882729622166,-0.01728909175323845,-0.02556822461283803,0.0,0.004352594649486896,0.004285998018359827,0.0008299182887856471,0.016776895350054666,0.010735319228202034,0.011049204609469232,0.0,-0.010416758248565139,0.0,-0.011070129054065903,0.0010245354309008636,0.0,-0.019704433497536922,0.02439028343248073,0.017018720222864214,0.0183742676991554,-0.014084433955878883,0.01756040018739302,0.009174288381073925,0.036283171724924124,0.03255048781969072,0.0,0.008185440496408125,0.02298850574712641,-0.0013333483440428617,-0.014685708523528351,0.0032648958769510017,-0.013759247243084638,0.006402059208120203,0.016117758879476085,0.016110512092404328,0.024143549113481155,-0.011170029973787687,-0.003956672028627262,0.0052770217122124485,0.00938653607138229,0.0001583393919324383
2014-05-15,-0.011976093042061042,-0.005683831246192539,-0.008445878902954562,-0.0008330053133283055,-0.0132742668637863,-0.012740669410876593,0.005263144509834117,-0.0019559626664541474,-0.006513463407091913,-0.014954518478493828,-0.010626398210290877,-0.018166092605897632,0.0,-0.06379207606669535,-0.013981046445494028,-0.025423703455457303,-0.02001131477154472,-0.005383185426393933,0.01902181236204825,0.005336199716706735,0.003703717832212128,0.0021276084329415745,-0.026829982586891066,-0.050397816900597636,-0.024038462420187034,-0.009523825862901236,0.0,-0.005563276986744636,-0.011885845287884722,0.011963446101620479,0.016326571013038027,-0.010626321903073221,-0.007583875171778054,-0.00746859834507374,-0.01077946933101237,-0.01000009021900472,-0.0011640351731314613,-0.0005012957502650295,-0.02524270363224368,0.014736811498686775,-0.0440339802099996,0.002487524184658252,-0.007164837321750106,-0.10958904723471896,-0.08040201005025127,-0.023809561479590458,-0.017310977402265948,-0.014215430063817425,-0.05476190258249991,0.0015408405906274236,-0.009090885971531737,-0.02519214990033658,-0.003100659567710662,0.0,-0.0013531638406352187,-0.016853932584269704,0.006008012097455495,-0.015370281055425705,0.022780176883150594,-0.003986045088315904,0.006361333573937422,-0.01068967279521349,-0.003397478282038291,-0.009238579605526986,0.0,-0.009750939660262636,0.0003749617117820847,-0.010236524359987453,0.0001583393919324383
2014-05-16,0.0006060744776870131,0.005716321854964956,0.012776820447884196,0.002501019863060394,0.006165918014789495,0.005162049506752808,0.0017452406657918473,-0.010289156819456413,0.0026995708041746003,0.003300342705864212,-0.022046353872244184,-0.00969168340568094,-0.03225800575336435,0.011987439092157492,0.03999274368416561,0.01684780427532573,0.025379373293581198,-0.0180411435954847,0.018666659635033334,-0.008492560834195695,-0.0007380242613335142,0.008492570307881975,0.0050944557711729566,0.023742989961827776,0.007881766178592153,0.0010684005607524139,0.015454566365513234,0.011188800369091867,0.0040095364879078055,-0.005563261416881904,-0.002868682933661937,0.020915710611338012,0.009825388603907914,0.009943531368672653,0.0067057775470413805,0.0010101597425291597,0.0,0.01314067370791916,-0.013944238093642314,0.00414945438047698,-0.01783077099214092,-0.006699763346778798,0.005154688789841488,0.02564100628373711,0.03825136612021862,-0.018292658549970198,-0.007633650198098807,-0.0011092876872981217,0.010075513697044514,0.0052307780554676775,0.009174288381073925,0.009636413232137153,0.004665712422055268,0.0,0.012195148135472289,-0.005714285714285672,-0.006635708945567642,0.04966892974099757,0.017727215995447354,0.011505730108543277,-0.005056927304544878,-0.01917043504322169,-0.013636350336153957,-0.022508062840942422,0.007907388408864957,-0.005835089608463795,0.0,0.002228163992869847,0.0001583393919324383
2014-05-19,-0.0012114147478134996,0.001776171855705222,-0.013456554645815078,-0.010395010724771891,-0.0064067179845284095,-0.015691899553407218,0.0034842672983557144,-0.03168313343531015,-0.025961474215122626,-0.026973674510324286,-0.008092485549133,-0.008007131176207993,-0.02500003137278528,0.0006234095145936092,-0.0054185905183467,-0.03687862407396081,-0.01564736544038514,-0.03149617032705321,0.006282698437326983,-0.025695906552171244,0.0,-0.0014034976926953213,-0.005664893526274639,-0.024556555117684953,-0.0166177057895025,-0.006403358236412915,-0.0031334537592789813,-0.012448153852069321,-0.015575077052529473,-0.021678323735001115,-0.016685789538664175,-0.003322229663158649,-0.009729789639664088,-0.006386340198486495,-0.017485456446291847,-0.01614535500059322,-0.006846279203216121,-0.01782173820131039,0.018989871246646084,-0.020661141466486677,0.003025680432917399,-0.02248308115480413,-0.012307681051701547,0.015000021672904484,0.010526315789473717,0.018633515078894103,-0.004141993870074745,-0.003886712600478681,0.0,0.02387506652234972,-0.004545500784209233,-0.000867616098784274,-0.0025801172068714573,0.0,-0.022489979262758863,-0.005747126436781658,-0.0020039642659993584,0.02568723213635682,0.0008932094670708324,0.0014837135343368502,-0.016518437293980504,-0.040511768171360485,-0.017281171305391085,-0.030592115685715404,0.011487777377741759,-0.015040320031581067,0.0476012160133783,-0.011542166888987682,0.0001583393919324383
2014-05-20,-0.011522167173731446,0.007092192105727202,-0.012787772285749344,-0.0029411637423591985,-0.018783322338571162,-0.017971002882843812,-0.00937494991554022,-0.008691216493205478,-0.014017793168577763,-0.012170406060854955,0.04020979020979021,-0.013452881045931897,0.0,0.0062305118008447735,-0.03567667029096422,-0.0011099233959155352,-0.029768789613332847,0.002710162650471304,-0.0119667188305288,-0.04395610499304026,-0.003692776283288901,-0.008432821601833007,-0.016491773951451516,-0.03076928516831179,-0.03280326676099132,0.006981694678159567,-0.024247787382970176,-0.05042012092563841,0.0036511636271241432,-0.01644033827035074,-0.026331232236490698,-0.016111161973741295,-0.01855899783360504,-0.017675400263198138,-0.02627120753603196,-0.005128201517691,-0.002640077971011512,-0.005040245826482659,0.00872328416704704,-0.029535902971831618,-0.004524829959904331,-0.024278066368711437,-0.04257530061092796,-0.03448278084852552,-0.03645833333333337,0.0060975168337298324,-0.035056456046493545,-0.035674541691461004,-0.03740640862896638,-0.0032884499465417605,0.0018265259080083585,-0.005644857326930874,-0.0227624433698429,0.0,-0.018898914396359268,-0.011560693641618491,-0.009370855407628609,-0.01757467550561287,-0.007139656850399301,-0.0093827424225984,-0.003875960646239407,-0.011111134962279556,-0.04337630681615545,-0.020698972419945227,0.012465401926853303,-0.012290458115264191,-0.03577817433643715,-0.018499428335801205,0.0001583393919324383
2014-05-21,0.012269986030718272,-0.0073944350481774945,0.0060448376415755956,-0.07248206264366408,-0.017142854747474567,-0.025383769260630462,-0.020329474579281914,-0.006188776789963879,-0.006808225785652655,0.008213544721353827,0.0,0.017272689125754637,0.0,0.01547986210139718,0.015855709194783296,-0.012222275278562567,-0.010425876132566736,-0.004594672977425107,-0.0007899438524204827,0.0,0.0014826136473695684,0.009921962004327822,-0.0015243524591314062,-0.014430047009370117,-0.011305206767971088,0.0016000366210937589,0.0064427208491899535,-0.01032450877510449,0.008892458193319186,-0.012354604769928557,-0.015625014328040088,0.003387994149792073,-0.024471525320941323,-0.02126501789785684,-0.008703212642698022,0.023711404303802697,-0.00749993532129789,-0.017223995070808407,0.009040862319496412,-0.019565265664206688,-0.015151482640270553,0.008381343432855903,0.015184367957439493,0.0,0.0,0.0,0.013546755939353394,0.009248546501051447,0.049222599731970185,-0.008698269233749834,-0.0009115399403210045,0.003930137733062056,0.007940608855707021,0.0,0.017587888570402832,-0.0292397660818714,0.004729715943199375,0.0013416269444548323,-0.00494378866405476,-0.010967064766277956,0.0046693102387758145,0.0014981874451505117,0.0171569051397904,0.0010394587201123517,-0.0005471968349350931,0.012443393117182788,0.01632647919305641,-0.0031127067180994894,0.0001583393919324383
2014-05-22,0.013333291718454099,0.009932693387006974,0.012875525413714062,0.03543846790251193,-0.0029069052470016565,0.010296812226942231,0.008586753651770751,0.01712517339403119,0.021169437425597737,0.0081466967388093,0.010644257703081195,-0.021447701529756724,0.0,0.011585480237544354,0.009328967122498089,0.028683901299264347,0.016255281482228545,0.010589128280527937,0.00026354833073294337,0.0022989032416267374,0.0029607669263775893,-0.0035087103521049823,0.02931296285052798,0.014641321973730248,0.035343051625008615,0.01863676577871365,0.01005937174030902,0.013412839355623207,0.01161856862717725,0.008094156127502083,0.01892560373467722,0.006752894135820808,0.007981659847995148,0.012256218332229674,0.0026339331230766927,0.030715011002341974,-0.007260384225222016,0.017525860404018934,0.012076332879666252,0.06430167847852886,0.01538458186533087,0.009090869457690776,0.016025682695337995,0.03061220572585288,0.037837837837837895,-0.012121124904311942,0.00607535765685796,0.012600299670048276,-0.027160414576334557,0.016944058728716183,0.0036496024326815313,0.014354063809979944,-0.007352905267833831,0.0,0.007956131206435346,0.012048192771084265,0.015467425010655012,0.004912934941946334,0.018970199767703422,0.0010080875811415702,0.004647534916793816,0.01944644957577446,0.00843369797778526,0.015576350725043486,0.0005474964232450308,-0.0026069941136234176,0.010952944545247423,0.011551060283891745,0.0001583393919324383
2014-05-23,-0.008373169581210371,0.0010537649233954838,-0.001694974430817009,-0.017112824981562524,-0.012536404821904767,-0.01588730507695113,-0.0014189753376917524,-0.0076531376935713435,-0.016781855031660742,-0.011447816291377144,0.008869179600886845,-0.015525121393162311,0.0,0.020494155288231175,0.000711001008189438,-0.011481659372364228,0.001777197701553046,-0.00241793360144682,0.0036880915585699725,-0.0045871514481795606,0.014022109055999765,-0.006338011744180916,0.001186576220848501,-0.005772060104040966,-0.022088380139177133,0.01672773738689637,0.009053768488226144,0.004411725313194337,-0.01188113836849447,-0.014598572797226428,-0.01677655348627094,0.011179472876627239,-0.00678734184320795,-0.015134748957577604,-0.001751311876356354,0.0068392908453895895,-0.01194039099699662,0.003039467157545106,0.016166284976685263,0.010416558433513856,-0.004545476580853691,-0.0015443387631974836,-0.0063091423493417675,0.004950556381903448,0.005208333333333259,-0.006135033351647667,0.0024155143005657465,0.0011312475915408182,-0.020304463275275353,0.0026777502966222055,-0.022424293286872676,0.012006890665082315,0.007407370964821913,0.0,-0.029123585643088035,-0.023809523809523836,-0.007284784375026887,0.0,-0.008865231675357688,-0.0045317295982850725,0.009509142218699473,-0.011922129830845729,-0.008363165565269615,-0.002726650418882093,-0.009575944611364906,-0.023151693563522535,0.025640992083022285,-0.0034087035564140944,0.0001583393919324383
2014-05-26,0.004221935774808561,0.019298252306486408,0.0016978522469628388,0.0017857551878819322,-0.0038382400293405228,-0.003959729534332768,0.021314401051528487,0.006169685387101387,0.0140561983992471,0.0013623640104629686,0.0,0.014842286769520152,0.02564105864329913,-0.004725326301166177,0.010657234404070737,0.008296521899826992,0.015079875034129886,0.0035011901642070242,0.019947532967843795,0.03686632299233983,-0.004366773430994009,0.02622243080165254,0.0133333559389468,0.0014513406259686334,0.01129369742674391,0.013367522433655132,0.011215827194831052,0.011713019707128458,-0.010020032353543096,0.013333372497561502,0.011578338563335233,-0.002211216981201747,-0.0022777838710182907,-0.003073559557897121,0.01842108169090806,-0.005337239277155459,0.016767509694536997,0.0005050427985913153,0.006439396922362839,0.02268033734650987,0.03196362597930369,0.0056714978296841245,-0.01587305640037029,0.0,-0.005181347150259086,-0.012345699268404675,0.01084339162887682,0.009039539012174469,-0.007772104099732613,-0.004451063197935201,0.004339839170179216,0.008050869957053175,0.003151142792270356,0.0,0.004765959518618912,-0.0060975609756097615,0.006671122961872777,0.00933329264322924,-0.0026834029442353025,0.006575577023598456,0.0,0.002041967343431317,0.002409578750574015,0.011619964112381753,-0.003867411967334422,0.005351702754626375,-0.01408449379940424,0.005814616349333113,0.0001583393919324383
2014-05-27,-0.03183175924562931,-0.03063687749237698,-0.008474447849789457,0.0062388318322879055,-0.018375811060984626,-0.015290543312430516,-0.02886956256368889,-0.005109842911813378,-0.019009922329562445,-0.012244854002515959,-0.018681318681318726,0.005484499261251052,0.0,-0.039762584458888695,-0.017750476434892692,-0.029072986716919824,-0.04748050747057897,-0.012614082569134988,-0.042202818226191874,0.0,-0.015350879639053794,-0.01657452189969144,-0.014619938485219475,-0.028985506244447734,-0.03045687097629335,0.007610427846091339,-0.0062111952529274594,-0.004341495460730926,-0.023886671594922193,0.013157932877211787,0.01506024061776956,-0.0027700409514637148,-0.0068495129063892435,0.0005605839182971639,-0.014642580812583628,-0.03170734064123226,-0.01946221565110995,-0.008783470502607638,-0.0063981963961806665,0.004032332917202286,-0.004424799641968402,-0.00666491496334376,0.005376395634497211,0.004926088528102168,-0.00520833333333337,-0.02499993078124718,-0.022050108706364147,-0.020716731611921002,-0.02610952461881999,0.016393436230617953,-0.030864254946096237,0.000840628400395893,-0.007853370346625366,0.0,-0.006696472191526692,-0.030674846625766916,0.007289546158194993,-0.030823376653917434,-0.024663699111451387,-0.010552718014984808,0.0007637311397179491,-0.0192664756605212,-0.0012018360065253475,-0.01722973724017607,-0.0072102214073218596,0.0,-0.034285681588309136,-0.014358044283231286,0.0001583393919324383
2014-05-28,0.0018609663607376259,0.019531257540538194,0.0,0.03365811476748215,0.002717353786911847,0.010248422356312181,0.008237805931512687,-0.006163453769687188,0.004844595811267727,-0.002066162926976145,0.012877939529675198,0.0,0.0,-0.004944361617606696,0.0064412348234563765,0.023163823453473897,0.010091806014212779,0.0067952558744475144,0.041912948557314644,-0.012222184075249554,0.0037119665733973406,0.014747175726124828,0.011869496032629767,-0.0014924981020718597,0.009424099559202759,0.008056386832572038,0.0026785627703431736,0.002906973923522793,0.003318096902663825,-0.0007215846668590098,-0.005934740605685662,0.011111153496636383,0.021839103827864692,0.01820718579216707,0.010489500870686452,0.012594498507893626,0.028787901404636385,-0.004990850437790684,-0.0037878932922231767,0.006024111468114102,0.04296288168836848,0.02451614872101815,0.007486567777745812,-0.004901941132125831,0.010471204188481575,0.025640952827089558,0.008531346188312972,0.012006917928499394,0.018766784528096103,0.0,0.020063667784085526,-0.0025199272275585605,0.0026387294007303996,0.0,0.011235999066352198,0.025316455696202445,0.006579021749721692,0.015447530624817407,0.005977115879286954,0.0055865261563943225,0.004833345662613064,0.004911241224647922,-0.018050609462124223,0.0,-0.0005586604817124918,0.003802296066400812,-0.007026646731676411,0.008970328912060177,0.0001583393919324383
2014-05-29,0.0,-0.008707834041131735,-0.027350522864157734,-0.005998260014274837,-0.013851247073903172,-0.010759293682730098,-0.003907591633874108,0.0010336307391602961,-0.017677795308628452,0.011042087642473719,0.009397457158651257,-0.004545471884987551,0.03333327058776292,-0.0024845248405431786,-0.0062221950954861605,0.010491481979484352,0.0021192941982082214,0.013499015819887106,-0.007478047101332486,-0.008998866211084255,-0.0007396618745003636,0.0013841389067654752,0.005865096898272304,0.005979129838563857,0.011410752360962118,-0.0009990238414763208,0.007123717209607916,-0.014492739601511984,-0.0119884034643436,-0.009386246571125634,0.004776114848122681,0.002747210712340298,-0.015748028594963936,-0.015130585871874103,0.0,0.0,0.00883651468451463,-0.006039514627094067,-0.0038022234609110805,0.015967975985818228,0.008522693830171901,-0.002518949292104611,0.01698512287208498,-0.0049261691040072275,-0.010362694300518172,-0.01249991001562134,-0.019335329883740426,-0.022598955290241363,0.14473663327521313,-0.002932567632916494,-0.0024975966096236757,0.0016842490748354422,0.0,0.0,-0.0030555717924682924,0.024691358024691468,-0.013071912398748275,-0.013422869766834933,0.010054779416550419,0.0,0.006329124513787088,0.011278141660201246,-0.00980391240220746,0.008594018518001345,0.006428186713579809,-0.012121258797835543,-0.009310986832333001,-0.007617781155015213,0.0001583393919324383
2014-05-30,-0.01795665440885119,0.036191240202302355,-0.03514929110483267,-0.013362127719677597,-0.018625913389080928,-0.030142928403041558,0.016405102334284383,-0.03975209078612274,-0.014314901946097303,-0.004095526792129878,-0.019715224534501696,-0.030136979858833568,0.0,-0.02988795606740491,0.017352368148984665,-0.005464484489179355,-0.02628384856064947,0.005593980705254298,0.004416708552092086,-0.024971652275855405,-0.009622510158290187,0.0034553640987657896,-0.028571442473386277,-0.011887184656650618,-0.0071794558794070484,0.019999980926513672,0.007957745542512162,0.0,-0.03598322827800049,-0.02842563650684149,-0.030897234707126797,-0.007671199432791043,-0.02285715194812621,-0.02793296056702166,-0.010380613417208306,-0.008457812174491708,-0.006569413027445625,-0.007311961834482128,-0.011832113139840783,0.04125747363383003,-0.0323942524708154,-0.020202001714301865,-0.008350723373473201,0.01485150719610906,0.010471204188481575,-0.018987427660627,-0.038200856626373736,-0.035260042190994656,-0.002298728165230912,0.0,-0.023787174044872073,-0.007986571111630592,0.0,0.0,-0.010866530341286151,-0.02409638554216864,-0.0026490364218825224,-0.01088434373797098,0.02941173267427377,-0.020202001714301865,-0.017358481836756923,0.0009293957058040814,-0.02475245187544539,-0.029993219616176958,-0.0011108050531213332,-0.0026839644674669927,0.010902218196234825,-0.01914278604108044,0.0001583393919324383
2014-06-02,0.025851249051812575,-0.0010173172898729765,0.0009106156390989995,-0.0017474447027202578,0.006222773937479831,0.0012816799127191025,0.002105244419031038,0.03225794252901437,0.015352715793716554,0.03152844642468211,-0.0016759776536312554,0.023540489895856442,0.0,0.021181035155548367,-0.0063302376844203145,0.0038461453185314465,0.013031240792260368,0.003973424243254531,-0.04940506518897325,0.01629794961135822,-0.009716002490957387,-0.001377399568299964,0.007202859935310668,-0.013533694466177248,0.009297536131250839,0.016176467150827767,-0.013157955348737538,-0.013235316185802093,0.00434018413340076,0.009752401186016613,0.011649328036727802,0.0,0.008187228819474424,0.006321813726980041,-0.000874079222828783,0.013547515006323785,-0.018221856610813214,0.014627992230982878,-0.0034762516303448177,-0.018867910870597138,0.030567601239350983,0.010309317880007551,0.011578992352264228,0.0,0.015544041450777257,-0.00645156643662681,0.0032030872411630273,-0.008388333883595944,0.046082925836498756,-0.011764675326974006,0.023404922402588957,-0.008898346967238902,-0.029473862930684547,0.0,-0.010704257992730448,-0.01851851851851849,0.02722447881965584,0.005960617666141532,-0.004835133948982828,-0.0036082317629201333,-0.0005120954126226485,-0.008170826651672347,0.008883209874062992,0.023893194906909887,0.024464886888649007,0.0015377805834682068,-0.005206373849987234,0.007162512929604459,0.0001583393919324383
2014-06-03,0.004917020372170899,0.009504403994322175,0.0009098522550929911,0.013129069236420321,-0.00278296852900084,0.007999973218980383,0.0294117705985808,-0.0015624511767678984,0.0320801133218056,0.0,0.0005595970900951208,0.006439714403053021,0.0,0.01822756942773074,0.006901490283659939,0.007115505710891368,0.024808561463829593,0.006068712832871137,0.056054381413948695,0.012600299670048276,0.012075460182046083,0.006896563664593458,0.020560192735422644,0.012195018197596275,0.0,0.008683082930563524,0.004000092934131061,-0.004470970139760944,-0.003889307975980083,0.031203627671907652,0.030303030303030276,0.015461003305368815,-0.005800394609223769,0.005996644634872483,0.012248365358016988,-0.0049504912042295235,0.0017961785519238216,-0.006952929675935637,-0.005038727310497926,0.042307550427173934,0.02683626272587203,0.00867347311149369,0.012486981129583352,0.03414636481652744,0.020408163265306145,0.012987033907910117,0.019157100489016976,0.021148060278212366,0.0,-0.007440420134211645,0.03070179972564535,-0.020094028457414037,-0.004880512132736214,0.0,0.009396315450324044,0.0,0.0012928393497815271,0.0004557989352056424,-0.0017667811653313548,0.010863993411802664,0.018698814363889094,0.012918894601303244,-0.0025157209316162277,-0.00995192224615249,0.005698791357908961,0.013435753009444884,0.005607462374963568,0.008254854086734209,0.0001583393919324383
2014-06-04,-0.008562770258754293,-0.005379954733497283,-0.009999797127428378,-0.002591769629851637,-0.010852749032500664,-0.008571421730708906,0.010204120690535445,-0.007824697086655452,0.00019795188428384236,-0.01262462004316689,-0.005592841163310935,-0.013711117393390038,0.0,-0.0024691883113053814,0.025659034188401986,0.003260893641443774,0.0011954926654995646,0.006556563232927637,0.007987683356757369,-0.0033936348929144433,-0.01491422904853601,0.008904138126702543,0.00992705365935631,-0.0045179534932906495,0.008188323434773492,0.004304168017439158,-0.007525463516733777,-0.007484987302782686,0.01084597891059036,-0.010806961833541351,-0.008823506972369,-0.014138131457915537,-0.003500636835562676,-0.011353994708504067,-0.010371641887397698,0.005970105562871142,-0.0013446397040594027,-0.02450575769091412,0.007791225646475608,0.023985243117306432,0.002750996505736625,-0.025543806596975638,-0.0010278021949231553,0.0,0.010000000000000009,0.012820533208414808,-0.013157897095553817,-0.017751434546282918,-0.008810526057292711,-0.007496293041902358,0.001519733578772664,0.0034903980558358416,-0.015258846786103675,0.0,0.008180563857083767,0.02515723270440251,-0.007747020445813435,0.015489755843742348,-0.000884998477078458,-0.006141291382337655,0.0030173577004179997,-0.011275399531083807,-0.005044131490404724,0.0024263325441471473,-0.0008094998802082864,0.01590905824968525,0.03531601399299045,-0.003824569495694985,0.0001583393919324383
2014-06-05,-0.008019689581051592,0.0006760835399386433,0.0,0.0034647000076821755,-0.009404310618207457,-0.007684920817247587,0.016161600333535642,-0.008937970106772664,-0.00692797595666006,-0.010767150141905546,-0.0022497187851518996,0.0009268052749944466,0.0,0.002475300293858007,0.006682648827444737,0.005958800890645044,-0.004477690992763406,0.013809215463261415,-0.030674804665211552,-0.0011350997055084022,-0.013626063940650135,0.006788812189590487,-0.005492932292020636,-0.010590096247294345,0.0,-0.009523845854259694,0.006690325926479668,-0.0030165883229702484,0.008583617715069325,-0.010196611299222558,-0.013649824156043544,0.0066189103578713215,-0.008196718953650484,-0.013207061685690635,-0.008733616852541037,0.008902109387783907,0.010173495092652862,-0.001055564665490727,-0.02473912934809308,-0.009008917153423446,0.021947882090247894,0.0025954397089702486,-0.0010287517330236362,0.033018889760914494,0.03960396039603964,-0.012658247723120297,-0.017142886207217267,-0.016867510856088175,0.01777768285259662,-0.009063494259233695,0.0033384099485449514,-0.004347842672596802,0.012728053380514748,0.0,0.005595992882841294,0.0,0.009759317057205674,-0.03454465796936268,0.009743162189847387,-0.008753865892177082,0.00902484192497699,-0.014021265167568853,0.0,-0.00484091940799114,0.0016203114023025655,0.0026099102257448603,-0.008258511277772218,-0.005286207628344863,0.0001583393919324383
2014-06-06,0.013681549402880133,-0.009797167954336494,0.028466389286690985,0.05308586699120399,0.05759484595587194,0.048725440507054074,0.014910498709095332,0.03129970575346319,0.0205301763766621,0.021088464193129486,0.014656144306651742,0.01759255342849886,0.008064526738975841,0.02839504010710958,0.010212739985039798,0.04954224012730335,-0.0005996106713965776,0.014135172927467243,-0.005801729428617897,0.046590890741545765,0.0038373132585982628,0.01685775025163072,-0.008139568570499023,0.09327226817069945,0.05177657415800252,-0.004807619124471918,0.023482563744823493,0.016641400068892587,0.008510676902284464,0.008829988502729647,0.010228644266529807,0.004383557463345511,0.030696594870224247,0.044631998349332846,0.004405328688835475,0.010784266974421364,0.02236376673538354,0.0012679918870768248,0.01545784003460593,0.04545451374835219,0.001342264774170765,-0.0031064650081276124,0.015448031593551681,0.013698574887529347,0.00952380952380949,0.006410209809337264,0.07687342178601275,0.08333337229061821,0.002183499584285098,0.012195190047295412,0.02631575607215897,0.013100486873651507,0.02076511172896711,0.0,0.014746782876420728,0.030674846625766916,0.01417522539959526,0.015799263260016794,0.0,0.009870157613382613,0.008695609339102406,0.010997295340412272,0.031685739045330896,0.020500352276282774,0.012671906882826045,0.00595028315229551,0.025705976209244863,0.030450551795030867,0.0001583393919324383
2014-06-09,0.006134993015359136,0.004094161717386857,0.016964142822785133,0.029098401759075854,0.015559616073945737,0.02707685582033892,0.016976835521096856,0.02674902111772104,0.016406298185101642,0.017321800460838865,0.018888888888888955,0.005459546939607929,0.0,0.018607534974276474,0.010446550337358085,0.03642893212732079,0.017101768649831817,0.020780509687136073,0.027586153694240778,0.026058606962443776,0.032110097763283774,0.011273216087924753,0.00381008548340378,0.011188715733819965,0.019305093587580258,0.014492716232052283,0.020779255402695318,0.028273818921509264,0.0037975183447440664,0.013129141010061351,0.02203686192432497,0.004909991978313766,0.030927651323434002,0.037683780208087825,0.005263153051515257,0.024248285090246124,0.014776055788260356,0.016040568798907806,0.02498045935534754,0.05391312426852046,0.026809591531717247,0.02311096450627592,-0.005071042255954672,0.03153155343632874,0.037735849056603765,0.0063694936086666765,0.013797213028415412,0.02205878862650623,-0.019607843137254943,0.028614418664399066,-0.0008841373129105934,0.012931001172197254,0.01017141308275149,0.0,0.014806722453942545,0.017857142857142794,0.0228716704830505,0.033851772664990065,0.008772001589439249,0.007716029547812253,0.004926144982614344,0.019504881985428657,0.01719894149184875,0.008852513248344573,0.015708120596620967,0.027726264281149993,0.026473702859858284,0.02153249637674337,0.00015888851937173598
2014-06-10,0.0006097700679539297,0.03533795795686623,0.030728811831877145,0.029868577529656104,0.012080102791358405,0.020071897179293252,0.027287332002536635,-0.005511022096014617,0.012106087981984759,-0.00982321988918644,0.02889858233369691,0.009049721816227319,0.0,0.020624486002843057,0.024345490324396257,0.014356475646190248,0.005899527376522551,0.004468707962006713,0.02865257968258783,0.0,0.004444475527162872,0.016393407332047305,0.011678821141581697,0.00968195606310851,0.01988636645855313,0.0033333188011532844,0.013994965420290884,0.011577413237717549,0.007986507993666292,0.00503957764923868,0.0011655278520696921,0.0271444081394705,0.006666860766104454,-0.002657182927380486,-0.006980796402134559,0.02982960797930101,-0.002997750255789744,0.035002065237740076,0.0068545431685795855,0.006600623502128977,0.018276736299534857,0.022842580617427055,0.0,0.04803495664347657,0.036363636363636376,0.02531638329434749,0.015976358808175606,0.03320422753751262,0.011110944992044125,0.01903368491902513,-0.0029499198913610636,0.033617060235206164,0.01748794699879097,0.0,0.0013509700704941174,0.0,0.014906877212029102,0.01460176628920018,0.03478254196495456,0.004083712255381844,0.022058845797394255,0.0016556479260876333,-0.019323653692280396,-0.0064123736783820995,-0.004456104322137389,0.030215948614370935,-0.0030949158467680205,0.006098796823466479,0.0001583393919324383
2014-06-11,-0.020109684751648316,0.0160814479875937,0.0,0.010054146277852727,0.016885004273021975,0.010866314247208964,-0.003750026226043701,-0.007556646711055159,0.0024681446216032743,-0.004629609481087038,0.0015898251192367763,0.0008968815447505385,0.0,0.014434223502471033,-0.014813606428314419,0.0034162930414125547,-0.007331368659692861,0.0034602109161767647,0.0037640830170933004,0.013756626144421746,0.006637108859036234,-0.012903186018154433,0.024531036147904306,-0.02739725579828889,-0.012999102820077657,-0.009017585990012678,0.021329915052117787,-0.007153035126595819,0.01042534704716891,-0.01146136071993109,-0.01862629156809814,-0.00951375816331601,0.020971321482203154,0.020722266036640846,-0.008787338121007626,0.028045982567036942,-0.0017182514924495296,0.003010490895831719,0.01021174527085389,-0.004918045030324114,0.0,0.007940439227848373,-0.006116202391708403,-0.04583335349549522,-0.03508771929824561,0.018518494211247738,0.029120558985339384,0.01124794234678661,-0.013186744941775297,0.0014367895760201144,0.013609440676208173,-0.0020585073085450656,-0.030208195983923658,0.0,0.014570997289904408,0.005847953216374213,-0.03916770161489613,0.0047972354508314385,0.035714324841331635,0.0015252001285788186,-0.003597114370196608,-0.0209366228650244,0.0086206521934451,0.006793439265038392,-0.0018430794398439643,-0.011871554630648262,-0.010693324194201104,0.009120210973555087,0.0001583393919324383
2014-06-13,-0.014303454187039488,-0.009043919291057745,0.00511072817915359,0.00918835235095683,-0.007443457042557555,-0.002324160361551808,0.016311241493138118,-0.010152350896633355,-0.009469690357337246,-0.008637881248729107,-0.002645502645502673,0.0277778157576396,0.0,-0.005122325721081178,0.0077660478709205005,-0.010700435499157668,-0.011816907888201333,0.017241395715219543,-0.010249882977097502,-0.018789176055248658,0.0007326175209749763,-0.0013072422571581699,-0.040845065598354435,-0.015493086156302294,0.006585107626586373,-0.027777775240330094,0.011056474310940034,0.001440886449888934,-0.013619444644442313,-0.017391326305773114,-0.024911035651806412,0.005869829866331999,-0.0021623131811339125,-0.00551036658836368,-0.010638287978706695,-0.000447253160375527,-0.007314910990796841,-0.01570788951934121,0.0022464011736300638,0.013179499297533148,-0.01282048523262358,0.01181682803688,-0.024615362103402982,-0.026200839988000157,-0.036363636363636376,-0.006060562452156026,0.010186774442478397,0.0058263037733681244,-0.0022272668406952967,0.010043003368063852,0.001167569103533772,-0.0016501241153628055,0.020945234496899,0.0,-0.023936136588256995,-0.011627906976744207,0.010191071034934884,0.010850694013276652,0.016227149828839105,0.0,-0.0043321757028443875,-0.011067329099435641,-0.026862002620683167,-0.035087686558520126,-0.013452832611433818,0.00247359560234095,0.011157590356317693,-0.005353707669413121,0.00031670385522786226
2014-06-16,-0.01261834436125786,0.0006518432476452229,0.00847450846468889,0.00834595251367709,-0.0054802060529264285,-0.0008736082116196364,0.010493831375789409,0.0015384133898510566,0.00860426173469686,-0.009383400979011913,-0.3193633952254642,0.0113339242732724,0.0,0.010297398069152308,-0.002295510747544971,-0.006391361583603872,0.007473832176291939,-0.01452784377810612,-0.020964913466381185,-0.00851063052687262,-0.002928254926782059,-0.004581147241962458,-0.007342101955627567,-0.014306116986755768,-0.0037383142585097895,0.004433505220216016,-0.00810035444488899,-0.0014388132833250689,-0.016736476319689664,-0.00589968305686106,-0.0036497184514511227,0.0026524793659790102,-0.004333731672198193,-0.006707515073279713,-0.014336904085998858,0.0089485391865618,0.022829055694208567,0.01646679055321454,0.01606276794257866,-0.01300805958536555,-0.01818179217282334,-0.020681228848616673,0.019978895618248504,-0.008968647033535282,-0.004716981132075526,-0.036585317099940506,-0.012324998095322726,-0.013164823750036247,-0.008928525456745384,0.01164773645849948,0.0032070149503884426,0.02520655718065501,0.020515466653953762,0.0,0.0117165497009315,-0.0117647058823529,-0.004413606293641736,0.0055817585082158505,0.03592811686330255,-0.01015232259867238,-0.008460264858113131,-0.000758794989895728,-0.0087828979506831,-0.00629371688024194,0.0026738025815074007,-0.02114918249468578,0.015517267687567449,-0.003229514478077622,0.0001583393919324383
2014-06-17,-0.006389739950984241,-0.011400664670660365,-0.01092430110636855,-0.01655381998948735,-0.011020879325764787,-0.013407156591096259,-0.02535130691824561,-0.006144307165148799,-0.0018957635450914667,-0.004736109342956429,0.015588464536243185,0.0,0.0,0.0011325543192746146,0.008216927075399116,-0.0004947749627496334,-0.004451047185332069,0.007370953992941853,0.028379676866090664,-0.010729552689893729,-0.008810564358837869,0.012491841699158623,0.005029573778132956,-0.020319322631089487,-0.001876126114036536,0.020107889145904334,0.00694142291713451,-0.01585016319992083,-0.014042517317633285,0.011127643919673469,0.00732605893660998,-0.011111062894771928,-0.014145643025935795,-0.013212023733164768,-0.0036363601684570312,-0.0017738520037743344,0.0202005562036911,-0.010399933258054106,0.024264699591897587,0.006589749648766574,-0.011904749515430968,0.0012422170698271895,-0.014432869054812225,0.036199098371636484,0.03791469194312791,-0.0063291799375067015,-0.01928521051752985,-0.022411957386533343,0.0,-0.007301305384902146,-0.007555894294860255,0.00282143072676444,-0.00103086794786722,0.0,0.0024239211890606516,-0.011904761904761862,0.0,0.017079402955901823,0.02504822019091746,0.0056410569411058376,-0.02974151651416046,0.003037249031473621,0.017721501872853374,0.0010556188094641428,-0.0013333362129455129,0.007562147102257333,0.0013582005820877985,-0.006040637012630468,0.0001583393919324383
2014-06-18,0.026366549349394752,-0.024711698888763567,0.037383328073741895,-0.010328942491175441,0.03225798586724982,0.01742976214305192,0.013788737975962917,0.01494078140219579,0.003608746483504399,0.029911596141554364,0.014581734458940954,0.004310278915198751,0.0,0.05203626973096154,-0.006030952584959559,0.031188150606304532,0.03874825978368546,-0.011951074275511009,0.036126526568011075,0.029284110224474524,0.010370395801685417,0.002597381914770658,0.02590515713342123,0.03259265446757431,0.020676626527794673,0.0057692713286059405,0.014598590310706872,0.02635436415614345,0.016832219889120426,0.019809257379641565,0.026666699033794927,0.0005350577097957832,0.013244964278951832,0.013686444926725994,0.018248157716151958,0.021768148313758617,0.009415625352607204,0.020109151375979684,0.008973438425091462,-0.001636613039831314,-0.010709509009294904,0.006203474062850489,0.02510446798496968,0.0,-0.004566210045662156,0.0,0.03643719649550903,0.037117921206510474,0.020270273195512445,-0.008486517532961813,0.02049771352753038,0.010852108797070992,-0.009288089290530488,0.0,0.02095654840092065,0.01807228915662651,-0.005066554837076409,0.02225023901913281,-0.02255642385983536,0.018867869473163212,0.024120592929048446,0.021196051192562404,0.021144288196583982,0.014059740168841595,0.004005349115858259,0.00750530161844476,-0.0023736756652258384,0.01662983425414355,0.0001583393919324383
2014-06-20,0.002506263268008846,-0.001689066899517866,-0.031122175867612234,-0.009663702817545361,-0.01278405439872976,-0.002613144302332393,-0.01792884215501278,-0.0005076332967958175,0.00018922312493163673,0.0026402615749312464,0.006807866868381307,0.008583724012374061,-0.008000010440863403,-0.02849472245589546,-0.027550021610153852,-0.016802651229188448,-0.031276784718966444,-0.012342717500000489,-0.03728812246425617,-0.023182225359376418,0.0073313361641051955,0.0006476945183231386,-0.015781873742957697,-0.05595412027543056,-0.027624240013312762,-0.02963675128930654,-0.0007992943160424204,-0.0156918872928411,-0.005942279070604073,-0.010071990583373047,-0.011806420108273041,-0.0032086294568463014,-0.010893294382623875,-0.0146756928067735,0.02598559165579406,-0.04086955090633004,-0.00027424196133685186,-0.026250670831204914,-0.003913219778125976,-0.042622952108455125,0.0013532337573975983,-0.006165228229437658,-0.009183612082307446,-0.004366794760074844,-0.00917431192660545,0.0,-0.020089319688552987,-0.01578943352950246,0.002207600127555054,0.008559154951525372,-0.023816299933951512,-0.002385664685981781,-0.016666539675635583,0.0,-0.005263178085884168,-0.029585798816568087,-0.0101845213789018,-0.003696104771167885,0.0,-0.019018977451091046,-0.006378807486868143,0.0014825623993512949,-0.012180314373335444,-0.0027729609236829544,0.014361619695676398,-0.013834747913225698,0.0010197378167133841,-0.010234950999039927,0.0001583393919324383
2014-06-23,-0.02187502384185791,-0.013536462404804439,-0.0033811103660277286,-0.008196759755749183,-0.016115105078701286,-0.008151420618289995,-0.014479099313606691,0.023869937006371744,-0.011731282416338473,-0.01579985370296555,-0.0015026296018031404,-0.03319151858065994,0.0,-0.014388395462985759,0.008431703312527405,-0.02294922336800098,-0.02606655526980306,0.012996670909204866,-0.015593587013631671,0.026968714957357198,-0.006550229555103315,-0.022006547123540443,-0.013702673130984278,-0.004559295526459062,-0.003787875024959475,-0.0054186555239919,-0.007599943017375099,-0.02173914395568488,-0.013663639910990177,0.0029069658282183664,-0.002389427044540482,0.008583683082144411,-0.0055065423783717815,-0.007447138317625779,-0.020960588826724136,0.0009065820416740422,-0.004528116498194734,-0.012004072373694386,-0.014642851693289605,-0.010273998193617073,-0.02567577337563476,-0.019603000756408084,0.004119460686645926,-0.013157913616007488,-0.01851851851851849,-0.006369380742422881,-0.01765372866574555,-0.021390455056646163,-0.017621263814476373,-0.007072082524252066,-0.03292177885991687,0.01634116560058363,-0.02701275085367616,0.0,-0.017989437064008462,-0.0060975609756097615,0.0,-0.01690024087155606,-0.0284615243384736,0.00204076568368472,-0.0074073911150329685,0.00111027574643896,0.007398325789977012,0.011817870948143794,-0.00471946518986488,0.001439033081081842,-0.018675759937545222,-0.007833376038654416,0.0001583393919324383
2014-06-24,-0.004472824059454705,0.018867931935721005,0.00763358037663453,0.01495478435250508,0.01667150264522177,0.009392430457404233,0.03832637738931055,-0.01289679801193988,0.018571694374591274,-0.008695659939764733,0.0007524454477050302,-0.033450715310326506,-0.07258063944824378,0.00842212900905337,0.025919720013975356,0.009495187823605589,-0.0024328722515042367,0.002467431680979848,0.02912614000847369,0.0084033529263976,0.0,0.019192659882118823,0.013301826090449609,-0.0045801050838801816,-0.0028517761730102453,-0.0004953060236411178,0.00604583264341696,0.0014815153899017108,-0.0030303054177345246,0.010869611594089834,0.01137716275622136,0.0079788048918219,0.0011073157744301287,0.0018006960039771425,0.010704717403040576,0.012228260628189602,0.013094428873390296,-0.0002059748010805329,0.004711821676246286,-0.05017310899507177,0.012482795953074222,0.0007593671290486714,0.013333374936358222,-0.026666632741225382,-0.037735849056603765,-0.006410323399077544,-0.026666613592617794,-0.03606556693595375,0.01121081209913477,0.002848925333184482,-0.021580634232233664,0.011764675963158666,0.02885136608953487,0.0,0.010237100107274077,-0.006134969325153339,-0.00128618809405312,0.009224289720574541,-0.006334113279722775,0.010692515190808605,0.00746267003071277,-0.0018484073355639064,-0.017135904775445354,-0.013741034609826341,0.007639637810603839,0.006465452938408722,0.025259500064777285,0.0013097214536064161,0.0001583393919324383
2014-06-25,-0.00449292010057778,0.002693600228573567,-0.0075757502779744135,-0.012795727775876231,-0.04315304341072712,-0.04565282982828789,-0.015687429955830057,-0.001507490463441341,-0.0037593806554642173,-0.026990528121938473,0.0,-0.048269558749293395,0.0,-0.01280622716483959,0.003259996217014116,0.007920817593861651,0.006097450138706995,-0.011567824797845683,0.010923614840555151,-0.004166662527455345,0.0036630177386223206,-0.010389653057717219,-0.00204199811462924,-0.001533701934909537,-0.0009533106863709451,-0.014866260647787732,0.008012826336642576,-0.011834378377890364,-0.0013026658759680565,-0.021505380975178845,-0.025458870379789333,0.004221631687873595,-0.02876099240754726,-0.03175545700483229,-0.025595877460445005,-0.004921722878552415,-0.006802666378674438,0.0011328590772572422,0.0014430345064284644,0.0200366279632469,0.004109536481360143,-0.0030349707588122055,-0.05060734526713884,-0.004566266318257073,0.009803921568627416,0.012903247195838574,-0.03335326639399572,-0.019841184026711534,-0.026607612988854057,0.017045456657126312,-0.013668799176148605,-0.019379845534327478,-0.016401984167591532,0.0,-0.010399993509617067,0.0185185185185186,-0.029620103781052398,-0.007062736952609949,-0.0039840962179453765,0.004030222779277004,-0.03679011821870415,-0.010925913602822246,0.0,-0.0017415269472296213,0.001568630947140548,-0.004639561248243607,-0.004387416957430612,-0.015751367881947642,0.0001583393919324383
2014-06-26,0.010960675292407851,-0.002686364237250105,0.0016961691958954361,-0.005891579887045362,0.0021046666371113965,-0.0021328743745666623,0.016875028610229492,0.024660177617496837,-0.015471722708499613,-0.0013869942897262177,0.0,0.007655495231217557,0.0,-0.0056400876863165195,0.0030869609059531733,-0.006876212711896312,0.018181778762715206,-0.015687211688327873,-0.02775045092286521,0.0,0.0,0.0032808455905437572,0.0011692337027555677,0.0,0.004771010774700324,-0.003521111558312584,-0.0039745182273495105,-0.01197603679070025,-0.006956462761898874,-0.019047634977124583,-0.021263577982289283,0.0010508959376482885,-0.004555847533692536,-0.003403537053451422,0.009963807105909162,0.004946066044964725,-0.0027397231222567875,0.0017488117674606674,-0.01368879917082555,0.0,0.012278295045311083,-0.03348553414860633,0.02025590133549282,0.0321101141149549,0.029126213592232997,-0.012738874351089668,-0.001848353674860359,0.0017350363047079487,0.013667574583495545,-0.013687099213997356,-0.022992111566498497,0.025296494715287166,-0.009144936286220151,0.0,-0.005389489001975223,0.0060606060606061,-0.001327154972335709,-0.004184116446269481,0.032800059818372196,0.0,0.007433979803723734,-0.009548778514101186,-0.014943946394713081,0.023726458785629845,0.004959551626446679,0.007529609949081584,-0.014576281531382462,0.0014973982705051014,0.0001583393919324383
2014-06-27,-0.008928593150380304,0.003703628066231701,-0.006773733382414049,-0.005136276709192811,-0.012901251079763032,-0.010992333454147296,-0.010756062660445265,-0.00834961362689779,0.020505962844980852,-0.01527773049878356,-0.003759398496240629,0.011396000816917606,-0.008695663560633449,-0.0760068618446188,0.008260419625337967,-0.002472850729302367,0.0,0.01619021817911359,-0.009345874718572511,-0.02092058097916616,0.0036496490095605516,-0.01177243326171662,-0.022481723736418102,-0.010752770901556685,-0.011396000816917606,-0.009086335690480007,0.011572220194420169,-0.004545414152223648,0.018388805349172532,-0.028379460119175803,-0.031657368687753706,0.0010498928380406891,-0.0045766982732330375,-0.003104584049578807,-0.01076232221916662,-0.01565989969991055,-0.0193681064410689,0.017252045258340676,-0.03506205675302798,0.05178572575469076,-0.012129367097376664,-0.01049862801053214,-0.030303056877027834,-0.04888891150584973,-0.05188679245283023,-0.025806380069091972,-0.009259353013245764,-0.006928344919118312,-0.031460723663166545,-0.02577173012374767,0.007092176341326528,-0.005397120050682269,-0.010857605230270018,0.0,-0.009211520496757886,0.030120481927710774,-0.009966757892591382,0.0012605330927402125,-0.017428414047724328,-0.006522883398123902,-0.020865206294036653,0.0005671402670059944,-0.04171933376383308,-0.009543308970324293,-0.009870151725848264,-0.003558732678201837,0.006535966152467765,-0.006522632975741072,0.0001583393919324383
2014-06-30,0.014157031375087392,-0.0010063008734998435,-0.011935319175091275,-0.013105636207566773,-0.02006086012532049,-0.010497089420512973,0.007766387408061792,0.0029716750248656165,-0.0050704397913213795,-0.006346978184128771,0.004528301886792541,0.009389707516583634,0.0,-0.009208047600316571,-0.004658649245419144,0.007932598768612076,0.008333296661443113,-0.0017425420791108426,0.03263648471571834,0.004273500354724069,0.005090886896306879,0.0019854563881755993,-0.014336946404956974,-0.007763993213005693,0.008645547925753672,0.028527834805528673,-0.008283996367229873,-0.003044137047785833,0.006878814779576414,-0.0053803643164167525,0.0019230597588206777,0.009438925435569567,-0.001149317534476224,-0.004982922606200035,0.006346370015779312,-0.02000009093219679,-0.008264458736701563,-0.013527156612267,-0.018546546922905915,0.011884524511953876,0.0177353230162558,-0.011936359518109674,0.023706875112478043,-0.028037348175012244,-0.02985074626865669,-0.033112635239680555,0.011838040067870814,0.005232566778823111,-0.004640346912147875,0.0,0.01984637784173726,0.011627951677542825,0.0010976990983040391,0.0,-0.003554853114138279,0.011695906432748648,0.014765067023848166,-0.011749923942171892,0.006306728877225387,0.00505052451126109,-0.01247397102228498,-0.006234693956563397,0.0,0.006194091826695836,0.004197281160138511,0.010357094657660548,-0.0003417713193305527,0.00020693417611972187,0.0001583393919324383
2014-07-01,0.017132008492542372,-0.014775003304875578,-0.0017256857615279841,0.003621736467054548,0.0046526426764659234,-0.0009359523907662703,0.01880396535680884,0.01580255404285924,-0.00018879874303601163,-0.0028388900936726635,0.003005259203606281,-0.01116278005200766,0.08771930403929584,-0.014869965380822636,-0.007424129943022106,-0.025086067090499098,-0.02863051901799407,-0.010972623512526147,0.0012344853640848807,-0.006382922167795124,0.0036179588884932556,-0.0026420508084731287,0.0030303001841676114,-0.03755866897377358,-0.03333336966378353,0.01238236718113428,-0.009546507654420333,0.013740408111443836,-0.006831819955495089,-0.0007728874463968083,0.0006398099045819006,-0.0025973629641842244,0.0023015626597489014,0.0040689219770295715,-0.00900900049475073,0.010204128973451354,-0.0011300019033808617,-0.008391357954135592,-0.012726568446672304,-0.006711533059723496,0.01876672813425828,0.001342261397598632,-0.01894735168287842,-0.05769231222917226,-0.07179487179487176,0.0,-0.011699540439373712,-0.005783711750987908,-0.030302982780089582,0.0011627590799314635,0.018832343459721956,-0.013409976105525967,0.02467087633383902,0.0,-0.018660745850623717,-0.028901734104046284,0.011243381898271343,0.01273890251075116,0.006658839700442565,-0.0005025240740469394,0.000789532467622811,-0.015209105724228178,0.022427450924145553,0.014021882716192424,0.0,0.0021209867869333987,-0.006153856587206241,5.6424917243447226e-05,0.0001583393919324383
2014-07-02,-0.0018715337093216933,-0.0030674574427700385,-0.02765758965580556,-0.016840419699285958,-0.0033961470170413843,-0.0028107915735821054,-0.0166414296446884,0.017501169647810233,0.007173891284498302,0.01138788934092827,0.0007490636704119424,0.006585107626586373,0.0,0.0031446756549859955,-0.020162628918159342,-0.011099845470703529,-0.015496636671781583,-0.007564349569184725,-0.024660915372142433,0.0342612087362284,-0.015861591120693852,0.0,0.0012084436769590479,0.008130100218854519,0.011822743225952337,0.003913890490010452,-0.010441859852034385,-0.013554168307290504,-0.0025795695143573383,0.027068917416159577,0.028132964880090316,0.0015624363596264956,-0.014925381553440031,-0.016209494366430932,0.0100000381469727,-0.029384752440279716,-0.019372166824084713,-0.01382869127181896,0.003124996973201677,-0.015202579688348372,-0.02236841306141013,-0.0013404621470036737,0.024678145645272043,-0.020408164968441223,0.0,-0.013698591897165713,0.002492268998678826,-0.004072117082575599,-0.007211615659283854,-0.015679396515736133,0.008626081389142115,-0.009708737864077666,-0.010165706232044713,0.0,0.006711364192669711,-0.023809523809523836,0.001308059260138883,-0.010482180125843454,-0.02373546073088162,0.0015083301943750183,-0.0034183563947655093,-0.013513515673526766,0.046451568603515625,0.026644213345406564,-0.007053307244121343,-0.007054700870100183,0.00963194666614875,-0.002670628726185287,0.0001583393919324383
2014-07-03,0.016250014305114746,-0.02837606576772833,0.022222137451171964,0.005301760128044286,0.02819086384057834,0.017225214396092037,0.006153869628906294,0.014811240403823867,0.01968135070464383,0.007741003264035928,-0.004491017964071808,0.00467291510524781,0.0,0.03448281286433863,0.01808828713820909,0.009693811479974723,0.008024450364382485,0.014735832867685872,-0.010366579456752234,0.05383027598110979,0.01098905321586674,0.003311264206821596,0.02595057540966228,0.0,0.007789670899729817,0.027777762285992713,0.012581289256890171,-0.00916036914038132,-0.005603372535237794,0.030120457943957346,0.030472622726557264,-0.005720161498773413,0.008158410051057441,0.0072877281313858955,0.01260115320937838,-0.02081362618358873,0.01658256039172845,-0.013603990821732803,-0.04984426290631794,0.005145810155814612,-0.0040376337538980955,0.020134228187919545,0.003141303399796014,-0.020833335108171536,-0.027624309392265234,0.013888849579476004,0.015537600847057131,0.023364462553857157,-0.004842589655629004,-0.0058997374582099305,0.004886983482268459,0.021568597531786082,0.025946046794399935,0.0,0.011388805356819631,-0.0060975609756097615,0.024820399518491687,0.0072033929468673374,-0.015543992575106302,0.001506058560773349,0.021108107202390425,0.004892432353650555,0.028360111670445942,0.01971091888774512,-0.0002630892509537519,0.012433440727795952,0.01362860692781509,0.0159535348582851,0.0001583393919324383
2014-07-04,0.003690004003555236,0.0028149163790041065,-0.005217386761324216,-0.0016226778416922327,-0.008436274432878199,0.004926034946721725,0.003058057241222656,0.004237350454547206,0.006801515871210473,0.0013966800411944202,0.006766917293232977,0.019534887269485823,0.0,0.00969694190736381,-0.024286844349279746,0.01465380423185536,0.03337440504555533,0.002754064520788191,0.019417500977484403,-0.006876291394897649,-0.0036232021770864486,0.00594064290107843,-0.0017647181745215068,0.004838736233595098,0.004830843982388977,0.007586526612351596,0.0008015367156053443,0.004622528638884793,-0.003467789877019789,0.005116939737305204,0.003620969646796368,0.005230045488068269,-0.004624316964462416,-0.0006291800343716236,0.019555538232119307,0.016908152370257667,0.008226951713809383,0.007850603246049914,0.00819675270763387,0.006825900581465927,-0.009459480531999631,0.002631538792660315,0.0,-0.005319127647752886,0.011363636363636465,-0.013698591897165713,-0.0006120091057802979,-0.0011415786096516944,0.014598463334418499,0.004154286831737686,-0.013677834105432662,0.02955855970499277,0.001053679451781031,0.0,0.005218406419804422,0.0,-0.023581911807860068,0.0054690432588586635,0.027530311837130395,0.0035087564986089337,0.0012920363825446035,0.02044786821521072,0.0119903388448237,0.005798917284731919,-0.0013157924256123055,-0.005965109118613698,0.00638657257336539,0.0033410672853828594,0.0001583393919324383
2014-07-07,-0.017769547402055497,0.00526317797209086,0.0008740000642730728,0.009752123736933793,-0.0030385895297613263,-0.009803925222373833,-0.0030487340380210837,-0.013595804058257333,-0.010042000872606649,0.01603901951108555,-0.006721433905899965,-0.015510955812249039,0.0,0.01620646555653993,-0.009856333888607738,-0.0024899914521782085,-0.01837052530420158,-0.018726617048108407,-0.023558867831421804,0.038575702924497524,0.0021817987615411205,-0.007217822284647735,-0.003535675820422579,0.02568211907650153,0.017307722286360905,-0.005176499310661775,0.009211054603854407,-0.004601259186520212,0.003914797043947704,0.010909137305900707,0.015634410222655104,0.0005203032902756366,0.009291601238157421,0.0009442743300318579,-0.0008717930941950502,0.019002455190742396,-0.0011255506228495804,0.008947412770871965,0.0008130267257531187,-0.0033898930532877403,-0.006821267074366477,-0.0020996855527897207,0.02192070360702858,0.01069514413235706,-0.011235955056179803,0.02777776068672866,-0.012247444205380265,-0.010285731724330338,-0.026378875326451556,0.012411397041092842,0.024653288698045728,0.0037285750412974217,-0.014736833588237963,0.0,-0.001366103894552051,0.0,-0.004569177310768002,-0.012970689158590343,-0.018912494427588356,-0.0029970715244288515,0.005161328404702958,-0.013549657401127901,0.001184861300832063,-0.013452917537838949,-0.0005270104065461245,-0.025767578552533976,-0.010688032368610378,-0.0046804180926833805,0.0001583393919324383
2014-07-08,0.00249525929291039,0.012216318096214485,-0.016593749088361087,0.01649898757015067,-0.0003048223340417211,-0.008353954130935426,0.010091682221959664,0.006653947345392375,0.001659885119216442,0.0,0.0,0.0157553361348437,0.0,0.00531607758928776,-0.0035430923376202905,-0.0009984425022225851,0.0018112812255610677,0.0025446565434501522,0.020277135407012814,-0.006666637602306569,-0.0058055098154058404,0.009914031128863021,-0.017740964908619872,0.0,0.0,-0.02365184552677113,0.005158681481895355,-0.009244983805169471,-0.004766018554680618,-0.005036038515774721,-0.0023682066088898113,-0.016640650152974668,-0.005753765304684966,-0.002201228206783923,0.003490398201067224,-0.012587411948006388,0.008450695849581802,-0.0036516024533935765,-0.025182811458129284,0.006802683916117713,-0.0013736088562863458,-0.009468716623280637,-0.010214602447449872,-0.05820099958891367,-0.05681818181818177,-0.0337837785253835,0.00061997702431138,0.0005773804306026253,-0.007389183260740562,-0.00029192537096855986,-0.01203012107906487,-0.027117367762534816,0.014957256183551593,0.0,0.0038303582073375697,0.0,-0.028852458461117947,-0.005934692189185076,0.0,0.0020040539760575182,0.010526238132511523,0.0003869175263386815,-0.005917182469050486,0.0003246827639464822,-0.000263644146481834,-0.026811697778023724,-0.0023633220860727056,-0.0031039738299691866,0.0001583393919324383
2014-07-10,-0.02489107816592584,-0.009310361224888819,0.02930725635250031,0.03958828150985605,0.04207316445847864,0.029641149173428083,0.010293677419116465,-0.0009443225730895177,0.01086353544155938,0.007549801829483727,-0.0015037593984962294,0.03558397280705594,0.0,0.06051700553143147,0.019133038048471773,0.007995926413277399,0.024404853177261154,0.007614048405180762,0.00503147626699274,0.011505261941318734,0.018978119160702578,-0.004581147241962458,0.00030100165945645685,-0.006259765720500465,0.01039694305013894,0.03149232292152582,0.008685387786365517,0.0,0.0,-0.008676757170614668,-0.008308682126264677,0.014278184026565333,0.03472218668155769,0.0463284304103837,0.013913122007665368,0.0070821011653334764,0.005586586688115958,-0.0013611878943793343,-0.020416657129923466,0.0,0.011004130318593264,0.018321790480740008,0.026831871819855024,-0.1348314668691738,-0.14457831325301207,-0.020979054774316275,0.052044621087571574,0.04500869533060592,-0.0074440108749384,0.001459862099943976,0.012785449106594404,0.023291282572128313,-0.018421123549551055,0.0,-0.0019078712732786274,-0.006134969325153339,0.009453044622065088,0.009381633526519106,0.008032113309706768,0.007499980926513716,-0.028201202373676182,0.00792886161027373,-0.010714190833418291,-0.0003245773792658335,-0.004746846114865866,0.005212232156745378,0.003384107751323029,0.017861471054348765,0.00031670385522786226
2014-07-11,-0.0006381766964356217,0.011138272961727536,0.0224332360548416,-0.005331279071904227,-0.0011702033057438,0.006363721882669093,-0.004494986993790917,-0.000945215161102575,0.0018215215464232326,0.011580386427785472,0.012048192771084265,0.027312727358890232,0.0,-0.02160672005669695,0.013457408070642218,0.0009916123578928016,0.023823445487951345,-0.004785798616967485,0.0012514808146193435,0.007582931019879169,0.0035816755442861226,0.005259719479511649,0.01143548219530488,-0.006299122098310073,0.0074837119289674625,0.004227254174217432,0.00391385026339286,0.0077760796375918595,0.014801958412262728,0.0029175674141865837,-0.0011968014069864141,0.007299238134561348,-0.0011185549135172002,-0.00150600371305043,0.012006759211458995,0.010782917805882697,0.00555564786244922,0.02485061002755362,-0.010633772759086502,0.0033784410486501493,-0.016326678871564138,0.018513766034411683,-0.008040193799667361,0.11038958969863133,0.1338028169014085,0.0071428688959187525,0.0017668249384155121,0.007178307917466098,0.01249975296277972,-0.004373202027936118,0.0009016765519722636,0.0007462857586957306,-0.007506731854770465,0.0,0.0030038390464979248,0.012345679012345734,-0.0006688374315074741,0.01267423895621378,-0.0039840962179453765,-0.0014887731942827553,-0.012287620037255587,0.004221058540320177,0.00962694580823431,-0.0029220829486124034,0.0015898287105264863,0.01962961531012275,0.00101182755586815,0.00353525177220515,0.0001583393919324383
2014-07-14,-0.0038313835585571665,-0.018932880795996643,0.02700401225266269,0.032542053859522024,0.043350898710716734,0.035832546246667984,-0.006923526001949343,0.016083273288134414,0.008909110648191554,-0.0006734160690200497,0.02678571428571419,0.016295071744772516,0.0,0.02491510214136161,-0.0049180202796811345,0.023278856509342694,0.03274925717323662,0.0035434099495110782,-0.005499967354281932,0.041392246062684324,0.004996409256290635,0.026814920215161075,0.020529605614108437,0.04120440864765529,0.02785508118008373,0.03227317872508628,0.0019494354705498207,0.001543171607290672,0.021020923552308224,0.018181837249000354,0.02336724848226357,0.0010352203974945962,0.023516232165103457,0.02352932256963225,0.002542415072063875,0.03617811832375817,0.008287283957205016,-0.013198289779281502,0.009028335443088231,0.010101035381153922,-0.013831229144100066,0.0025601246954760626,0.013171267180849489,-0.029239744265946888,-0.03105590062111796,0.042553198174136275,0.03821279305020919,0.04714915686091814,0.01975322294797821,0.010248958832735688,-0.00930923620709112,0.011185725123892265,0.017287886818225795,0.0,0.022052864371920222,0.0,0.010040140482046267,-0.011264019947827553,-0.0039999525047258455,-0.007455343917601054,-0.01402851597082988,0.012609790099166629,0.02383787855554842,0.004884452307090781,0.0,0.017072352437064398,0.00033693493190734003,0.017486219107071044,0.0001583393919324383
2014-07-15,0.007051259870987536,-0.014035174721165666,0.0032870033247349717,0.0066740937989810956,-0.0033688931860267335,0.009011586891787271,-0.004243807130118626,0.011173219868822581,-0.0007208905070448246,0.0006738698638149021,-0.005797101449275366,0.01687762049171604,0.0,0.01160225713362295,0.010708364135285198,-0.0135527288910261,0.0013909115568782049,-0.005044171684568832,-0.03242832524727712,0.03884375040920984,-0.016335194849616763,-0.019108251658657815,-0.0017492833367034333,0.013698704731717415,0.014453464482651945,-0.01585864913046675,0.017120595752261325,-0.012326645073559295,-0.022268908985899616,0.012857180132186175,0.01932083871077972,-0.01240950202816049,0.008752810117201415,0.012083763461351538,-0.018596770512047667,0.016562217088901487,0.006849259606720004,0.026438520490796646,-0.025138481885347952,0.07166663109958482,-0.005610100756117786,-0.008682332837403162,-0.013999986782073814,-0.024096386729344554,0.0,-0.006802732158822766,0.005096271425001131,0.008376955194584035,0.0,0.014492738510343717,-0.026977967840681405,-0.008849619138639464,-0.012214402783420897,0.0,-0.007192343025384962,0.0060975609756097615,0.0,-0.018565422780309038,-0.012048210239911428,0.002503813025959589,-0.009396003803667896,0.011320779181926532,0.04190915602822076,0.006480844187790824,0.006613771529996981,-0.028571362787358057,-0.0013472857799869953,0.004126004592422516,0.0001583393919324383
2014-07-16,0.019732681022530674,-0.013167222937138678,0.011465765729562483,0.007366510709007512,-0.019718374665787963,-0.03284352131399315,-0.01704711064248332,0.010128913531534778,0.006312017224237243,-0.02693606477638366,0.004373177842565523,-0.029875568850892154,0.0,-0.007646020363246353,0.010105994490669179,-0.00883225341659033,-0.00416674008930229,-0.01825101436231724,0.016108107013509176,-0.005217427792756468,-0.008664320283626181,-0.03571434617434155,-0.008761673823750038,-0.019519576625441792,0.0035619694708712846,-0.016114110735993337,-0.020658108873436998,-0.01716063327546813,-0.00945420823883003,-0.007757459954929602,-0.017805828182615557,-0.0036649054149826554,-0.02386132934219065,-0.02591727965760182,0.003445302502167902,-0.017613373548123867,-0.007618963366015863,0.004545500784209233,-0.00786706313065777,0.010886521868544774,-0.011283503101517045,-0.0005152101473699933,-0.0344828319956455,0.11728388081185193,0.1282051282051282,0.0,0.005633824308153512,0.002596014354432352,0.009685179311258008,-0.008571475827640174,0.002492268998678826,0.028273818921509264,-0.008064747270191686,0.0,0.0013415454702454532,-0.012121212121212088,-0.0013253959664883963,-0.009458267892934913,-0.008130066054799379,-0.0014985357622143702,-0.005420016424905749,-0.0158582170967676,0.005586613608986157,0.027688365265252646,0.00657031695477861,-0.0018384246523018843,-0.02495783408562635,-0.004591417443813195,0.0001583393919324383
2014-07-17,0.011235973784791575,0.0018031770872184438,-0.011335792191930927,0.005484446670498189,0.007471333584701201,-0.0044682315296911135,-0.0018582028984137633,-0.002734739680183562,0.003584212401517073,-0.01245670269047694,0.012336719883889735,-0.01197599612264888,0.0,0.0005503295550977061,-0.02372117462879797,-0.011386156563123695,0.0069734910482428525,-0.0007744437121387504,0.013040074736949459,-0.06643350551434679,-0.002184976982621545,-0.02020199064678463,0.00913373553999075,-0.012251263769979204,-0.0017746634384467885,0.016378028094342856,-0.0027342418381146594,-0.003174600050953491,-0.002169263458806636,-0.03127217826684858,-0.022222284189362895,-0.01786653391066295,0.0033334758751080162,0.0014947480609543984,-0.00600862303319305,-0.02779017315551502,-0.009185684722362919,-0.004726081734171661,0.002202609488109575,0.0123076242050435,0.002853105793201749,-0.009020579407300278,-0.003151312822949559,-0.06629835003063533,-0.0625,0.006849326291049174,0.01848739028872126,0.012946660119847797,0.009592276394375432,-0.008357357476517224,-0.013362346211868159,-0.023154826475434986,-0.020053946761087738,0.0,-0.01661306372044924,0.0,0.00464497648706419,-0.002604226167828738,-0.029098367292484606,0.0005002615806071198,0.01444134309822842,-0.00473932049909942,-0.04666667514377165,-0.013784477851063404,-0.009138401542098329,0.0007368338665210139,-0.029747513486360178,-0.0014178796417609885,0.0001583393919324383
2014-07-18,0.026543109726935965,-0.0129589506039971,0.05814882450272729,0.02654543789950292,0.041072438639427666,0.04787546565378187,0.01644426890550621,0.005941533569948421,0.014642881013674947,-0.02873165998136762,0.027240143369175573,0.019047641852446784,0.008064526738975841,0.04180416453457392,0.015206581304881173,0.020030059435886427,0.0390581233603291,0.02273891078820567,-0.022968191135940286,0.08239701210630579,0.010948947028681433,0.013745661822250677,0.018394150259117392,0.06201550272935896,0.004444461398654509,-0.012891288588794625,0.018017926204564105,0.03821652278662713,0.03695663232143964,-0.019075584445604865,-0.01913873851469783,0.011235905750242692,0.0431893052031056,0.048955243696900075,0.01813465330210362,0.014292316482849454,0.005396429326405938,-0.004849460122807181,0.02637364314152646,0.030395116398052036,0.08534854301673556,0.00780232070501552,0.01685994904022059,-0.04733728383351765,-0.054545454545454564,0.027210928635291287,0.0544554320406867,0.049079806647890356,0.026128474263392265,0.022667879335923846,0.004094461756428469,0.002592581289785789,0.02710153112415381,0.0,0.011988991453446118,0.006134969325153339,-0.005944519306991913,-0.008703170564613338,0.028704040482034676,-0.0005000114440918413,-0.0008057074248575269,0.0028571489402338113,-0.025641056991266398,-0.0009529472596283561,-0.005269991744402236,-0.01361801318333844,-0.012834178709255961,0.0247133254250691,0.0001583393919324383
2014-07-21,0.010222494580457209,-0.011670406412363943,0.017028072021172402,0.023025137409505625,0.0,0.01170757387807364,0.03449331886480844,0.0036346601644441368,0.019535363249777227,-0.002164482951970248,0.0034891835310537633,0.025488464349435302,-0.016000020881726917,0.030622982078636785,0.012373854752322888,0.019636734477181728,0.011730299062575611,0.003284467031323013,0.03177482225797279,0.013840816747774376,-0.0007220381665270503,0.005423751492377837,0.003440391115845376,0.014598713986152756,0.01681412187400544,0.012126876045027268,0.004232413825977055,-0.009202445238506662,-0.037735906647328066,-0.005983522664155916,-0.004878044241882984,0.01111116381269106,0.004246320859267794,0.008537272175684008,-0.02120434810501126,0.00818175812766686,0.011285514500220861,0.04670049393166842,0.022269826521130964,-0.002949765710628771,-0.013106199447575295,0.009032218686995996,0.00725382495308402,0.012422412623877,0.012820512820512775,-0.006622585723430663,0.01564941240827289,0.020467839518738318,-0.009259432299954073,0.008809313698838306,0.026976240286686215,-0.003324719379479646,0.02315585518203722,0.0,0.00026938480514404617,-0.0060975609756097615,-0.005315608609629208,0.0008778994649794036,-0.01107915486825628,0.015507727338260224,0.03064504629543441,0.021842296707060616,-0.004784684628674429,0.0034975739375038284,0.016688664609861847,0.02947763396573655,0.025640992083022285,0.010892252644133738,0.0001583393919324383
2014-07-22,-0.007738045635134583,0.036162381959042866,0.012176439324214972,0.00692523437504633,-0.0005479450953520537,-0.00705614406539623,0.009442304531936951,0.014486176313253996,0.008113239747196133,-0.0021691781009895994,0.06954102920723226,0.014084513719320402,0.008130092083977525,0.020491744521288657,0.009971034558408531,0.011073681290136639,0.016864291283437582,0.004029262060385452,0.0005006885195311117,-0.013651863802616737,0.0,-0.005394493102363174,0.011142866952078778,-0.015827468981795767,-0.012184455390534255,0.0036866322992339384,0.005747198971008061,0.012383889045456176,0.022657985487841703,-0.009029401499821899,-0.009191153268087726,0.006802676955236953,0.007399488777072749,-0.0019751425590464056,-0.012131704742914362,0.02569881752686487,-0.002994094841286876,-0.0026188212584838944,0.018014176066571075,0.03106502327408034,0.04249662879131666,0.0025576033943977006,0.0,0.018404934447931343,0.012658227848101333,0.03333332939555533,0.0005136224568316194,0.005253042034264688,-0.018691492245150543,0.013521127798629573,-0.011606629463466467,0.011860626399317287,0.024736676332356877,0.0,0.005383515325974475,0.006134969325153339,0.006012025510863328,-0.008771879924703185,0.035269664305307646,0.01280789352972822,-0.006259722614865848,0.012639489190946263,-0.024038439495322916,0.009822603882663206,0.022668106630794993,0.009786102350641812,0.03873240831848479,0.006055453378214226,0.0001583393919324383
2014-07-23,-0.014397106779829194,0.027421601804074713,-0.0413532940971606,0.007909200235204583,-0.003015316755392128,0.00056852232741611,0.009938619166529383,-0.0017848923608821954,-0.023972626474885295,-0.005072510690654397,-0.04551365409622887,-0.007352953780298099,0.0,-0.02409631783653632,-0.011942675304323802,-0.014285723893502245,-0.015807285372417823,-0.006270315357761791,-0.02777780001622998,-0.022491368464021,-0.012283242371363579,0.004067829984869098,-0.003955902466523997,-0.038011672863838,-0.01321590900115599,0.0032139436463443083,-0.01333340971754482,0.012232404307749745,-0.02002564242880367,0.007593077262419312,0.010513300896217936,-0.009355525328331171,-0.003147830578920763,0.0002826139757940993,-0.0035087687010102453,-0.0052746869253818,-0.020611446596423666,-0.024311935488394387,-0.019341536136251558,-0.038737406317977285,-0.005095543869678698,-0.007653041612799449,0.02057611392162717,0.0,0.018750000000000044,-0.025806380069091972,-0.024127275379829727,-0.0380047157271185,0.002380825430620792,-0.0022234879445702793,0.000618061105885026,-0.007692274371479679,0.000513612743505254,0.0,0.006693445199040138,-0.024390243902439046,0.00796808544390104,-0.016814206269961218,0.010020122241552354,-0.0019454771020286366,-0.0028871529049180333,-0.02074157977196911,-0.011083762790187968,-0.004392886517427419,-0.00840766157364825,0.013998619068495977,-0.022711866993015084,-0.009709742510735864,0.0001583393919324383
2014-07-24,0.01765057838053452,0.01525138576162477,0.03450965881347656,0.01023545376579671,-0.0005499708710415829,0.011363571175065257,0.010130312490511661,0.01609303252093186,0.011052646306178415,0.029861676238602808,0.0,0.0,-0.024193479014388508,0.023148155961962846,0.021112028838005115,0.016425112485615845,0.0036861657828948236,-0.02347300604305047,-0.017760644525174896,0.008849506735177037,-0.00585222554934639,-0.014179593845338623,0.01049643684288637,0.006079084867011586,0.008928605640421639,0.00915326554229412,0.0011582973508188488,0.0060422904145789325,-0.0026086170158651223,0.030143156017348405,0.02692781701032798,-0.004721938882984111,0.011578894834556097,0.014697586771074134,0.011443605231541865,0.016349973960786635,-0.010453072735555846,-0.004784207632078985,-0.021401604301915622,-0.0029851297507195174,-0.0012803935647076603,-0.046272570209549446,-0.006048276229641991,-0.03614462936181351,-0.049079754601227044,0.013245054095872177,0.0,0.0029629365897472226,-0.02850341653355226,-0.010306354637900528,0.003705958243557017,-0.01439643364531995,-0.003079967198101108,0.0,-0.0018616967029054798,0.006250000000000089,0.014492786816610703,0.009901045342107784,0.008333257721157228,0.01754379605126788,-0.0015794049407895638,0.015932451415757942,-0.022415919592069677,0.019224727990921675,0.008478949713337958,0.0010618632320509303,0.02323968359580264,0.009717868338557922,0.0001583393919324383
2014-07-25,-0.007176969905071773,-0.008535303743642197,-0.0015161905398169973,-0.010807149214051237,-0.00220082493936391,-0.008426884323705752,0.004584522648042544,0.004839419149563096,-0.004858571550758417,0.0,-0.006130790190735702,-0.007407341706934245,0.0,-0.004524849556587829,-0.02320077661841058,-0.017585553883142868,-0.010230856167608104,-0.01240634914859029,-0.0068133282351628965,-0.008771879924703185,-0.007358379716477348,-0.01849316925706035,-0.0019651795090411817,-0.006042352890990754,-0.008849591131132817,-0.014965983452344345,0.0007712434630027243,-0.0015014643053727905,0.009590210002456079,0.0014630522606944307,-0.0005959611723851399,-0.0010542198808073389,-0.0020810554171006856,-0.004178216693837222,-0.003481285057079231,-0.007391307202623265,0.007746495973770751,0.0015022304804592768,-0.004288181079690201,-0.013472944487925131,0.008974514501084219,-0.001347688385901824,-0.005071042255954672,-0.031249977637037962,-0.03870967741935483,-0.006536015840057696,0.01209887109243124,0.00886264450561014,-0.022004832376641525,0.007599143303693268,-0.0024615948016827316,0.013108556708616437,0.0015447413517435393,0.0,-0.0021316700609793626,-0.012422360248447228,0.0012987159586157482,-0.020499152445345836,-0.021251476262892477,0.010057519169631046,0.011336734515305036,-0.003689994059040802,0.006369451126407855,0.0012368866833212255,-0.006114662962653283,-0.009900941485078918,-0.0203389959820246,-0.0027079236951946806,0.0001583393919324383
2014-07-28,-0.01746993426886101,-0.0392562089319084,-0.0007594636700581914,-0.006145452357441128,-0.000551419813318188,-0.01019833808179249,0.00228174595618702,0.016199534058467302,0.003487341816377665,0.0028288515475118903,-0.002741603838245399,0.0024875399608108584,0.0,-0.011616249492514052,0.01631931081258653,0.014030034169004058,0.017757726082655356,-0.03297569124958455,0.0052769990965839675,0.017699097866309854,-0.004447699552289186,-0.00697837919350619,-0.011251747145398672,-0.028875417508909873,-0.016071370943467445,-0.0009207436025443494,0.0019268987168572504,-0.013533857337925004,-0.005613162384200843,0.001460914865897056,0.004174102141530467,0.011609461978742797,-0.004171046639916187,-0.006713302415393474,0.0,-0.018834843412233404,0.021803031052587185,-0.0004999923896786829,-0.0004306730911953771,-0.02427929407590257,-0.008894688985798593,0.002159293730151113,-0.012232511719379557,-0.012903279591917283,-0.020134228187919434,-0.006578899816481409,-0.014553050414575663,-0.016593467856800048,0.014999859736921639,0.0,-0.01696475511336548,0.009981532916043534,-0.011311162427458665,0.0,-0.009879823449278735,-0.012578616352201255,-0.012970185991377114,-0.010464037626314093,0.002412581132768654,0.012328128354704315,-0.007560021618681967,0.002592639045582601,0.029113926113540023,0.013588592099901264,-0.005383246832346145,0.01607131408184448,0.009688605202125222,-0.0021618443126200093,0.0001583393919324383
2014-07-29,0.00551809659931779,-0.00896064165667787,-0.04483262958170031,-0.015458631175000126,-0.011034480897760712,0.004293101521448239,-0.011667611113644116,-0.0025850118336354644,-0.01303213670373815,-0.020451336785033525,-0.028178694158075612,-0.01571551130352522,0.0,-0.026571207235692063,-0.0015898614688779622,-0.025763356390465564,-0.028124841242504917,0.009472210767202283,-0.020209967362107673,-0.026086973107379396,-0.0483991479846867,-0.006324650128625042,0.005689894830617437,-0.003129808209479612,-0.010889367899150737,-0.011981576946572314,-0.007692312635812604,-0.039634108889109676,0.0013026658759680565,0.0007293918535467014,-0.008907340687121179,-0.01564941240827289,0.0010471078490217334,0.004505712139728502,-0.0043667626165833084,-0.030357153958153082,-0.026125031619045225,-0.019509801272395322,0.01249465432858865,-0.010886447287490775,-0.03076917800739265,-0.009965061565801125,-0.03818360939699039,0.03267982311017548,0.041095890410958846,-0.039735162287616754,-0.027953523464614438,-0.026302669445684712,-0.012315265979822687,-0.00642454372301049,0.000941285801911329,0.004758457890461143,0.003640289332857538,0.0,-0.0010786844818404528,-0.03821656050955413,0.005256301135878161,-0.03264363606770837,-0.0028078366479482586,-0.033255315181985656,0.02180193260562091,-0.009604769045250428,0.001230040435555857,0.003046876144147781,-0.015463951503219997,-0.013005063083070922,-0.023989059479731734,-0.010000693288962803,0.0001583393919324383
2014-07-30,0.0,0.010849848024316211,-0.009546530144813992,-0.006629467378548304,-0.01589954477431743,-0.005129685638537218,-0.021595162968196968,-0.0043197275780813005,0.0,0.0021598079359022027,0.011315417256011262,-0.03277305900423255,-0.008264473095373814,0.004199361519547029,-0.011146509099419832,-0.0024486308238967913,-0.02358003487435767,0.005361968549930207,0.007232741788539387,0.0008928775939409661,0.00704226560785437,-0.019802028201322153,-0.02008489319893314,-0.004709601766031413,-0.0018348169531452463,0.007462679264300887,-0.012015525535605476,0.0,-0.0047701523688746805,-0.02551019559150791,-0.03295393210364772,-0.012188735524947925,0.0,0.0047659523769871814,-0.012280690453535748,-0.011510165124293592,-0.00828651278671133,-0.020408087003130793,0.008510670763381079,0.04716985328974399,-0.021163960593958753,-0.012513577406862875,-0.00214592081445264,-0.00632919189521397,-0.013157894736842146,0.013793126204043382,0.013564839710273446,0.011722708073304888,0.002493872426021948,-0.007590689918362981,-0.011598712736969441,-0.014936241749240797,-0.006217640943825931,0.0,-0.014578863907160122,-0.0331125827814569,0.022222212122744667,-0.020437275972666202,-0.010458588491534804,0.00048450722759474374,-0.019280164828216262,-0.01734426533782807,-0.020884587955890543,-0.021263577982289283,-0.01570672974993581,-0.02136760250078129,-0.0031601177680645742,-0.0042192615416936086,0.0001583393919324383
2014-07-31,-0.044512168244900785,0.03148487004915013,-0.027309440077139646,-0.02634352012956309,0.0028343972199702527,-0.008593511857082459,-0.025897618598299643,-0.0021690996638829008,-0.022887321583599962,0.007902274143272381,-0.018881118881118875,0.0026064059404546924,0.0,-0.03450073796184916,-0.027053145675613566,-0.027982336725047685,-0.0340285040022581,-0.008800016665354238,-0.011968059700684375,0.021409435352494066,-0.02331003833741141,-0.01154392066668608,-0.018764450771071473,-0.01419566120919502,0.0009191386743243601,-0.0023148677558392228,-0.007453941258095842,-0.009523875841295881,-0.019607874235362255,-0.0014958806660390067,0.0,-0.029506397804175077,-0.007322087927411625,-0.021205389753255255,0.007992841174982779,-0.007918028427547186,-0.029882465147405668,-0.030729174613952637,-0.0025317034328894428,-0.006005972706198737,-0.01621622196327266,-0.02672169218713205,0.001075324246976983,-0.031847111859384714,-0.020000000000000018,-0.013605464317645644,-0.03693792948528141,-0.037783374588755025,-0.004975097912348847,0.0016997632227793158,-0.012686378597141168,-0.029216009200417448,-0.01094901291985717,0.0,-0.010410990446759083,-0.0273972602739726,-0.025575481032843572,-0.025230492108888947,-0.012195139848713787,-0.01016944737782044,0.027260834062756034,-0.008350711825446444,0.010037691674931626,0.010242023707478287,-0.010638320786863886,-0.010189177832251373,-0.008453672993232741,-0.018442983227258347,0.0001583393919324383
2014-08-01,-0.003828999318734483,-0.008671589187654982,0.005780519572259335,-0.016955242604499765,-0.001695804025433456,0.011268449753595533,0.028700930717027173,-0.01956523342515626,0.026306319082220808,-0.004276512265455112,-0.009978617248752708,0.0017331419263246772,0.024999926796834382,0.017866838540758767,0.02284013753619285,0.020202034612232245,0.03892057630583401,-0.007532964079445259,-0.0013458834301489642,0.027947655356255652,0.0031821768356523616,-0.0014599128675736317,-0.005295642200692563,0.00480010294439448,0.012855774585377233,0.013921167286783609,0.0031620764430919657,-0.006410250532086104,0.014222332535564597,-0.016479428459919343,-0.017967721136638026,0.00442232852577451,-0.010537453077520964,-0.0014252943835368903,-0.0008811027084041356,0.0009389296128750058,0.011824799626636073,0.009779686779940011,-0.013959387996031691,0.012084524738142033,0.0027472897612932368,0.01896400040252444,0.007518733451676418,-0.026315792305559138,-0.027210884353741527,-0.02758619130463691,-0.007226190240163688,-0.005235621961910741,-0.025000106623967455,-0.011877875033274421,-0.0041760091317458725,0.010666692824590873,0.006852888085462805,0.0,0.010797335998492974,0.0,0.0,0.005973067743820115,0.030864202116398287,-0.0019569919022601745,0.014034259562935913,-0.01703357106947989,0.006211203670828613,-0.023963096699823883,0.005376355791000931,0.0025733569450008265,0.02984014792081724,0.001325476007093096,0.0001583393919324383
2014-08-04,0.0012812593339883716,-0.00034986970731976097,0.024630518729541473,0.012477069819739173,0.02066813776155363,0.014285666621345783,0.004405331255210143,0.004878048780487809,0.01246490944118861,0.0,0.007919366450684029,-0.00519034752930303,0.0,0.031383016839106714,0.008414246993256214,0.01237629621846148,0.02160221339638002,0.015451382041058226,0.034231839990894075,0.00934576485973615,0.009516248122618975,0.010964931474207296,0.008577356849777784,0.019108232357478716,0.029918398159123116,-0.004576676417568093,0.014578516957764576,0.0,0.009640640120821775,0.012947491527046218,0.015141941031039163,0.02201428821412854,0.011714536217453553,0.012560710390105312,0.00529109339395939,0.024859352467555107,0.033761356635410245,0.004363577679392439,0.004719031011231056,-0.011940232700691444,0.012328681295404653,0.030555513170030357,0.02558633105231989,0.013513570266851849,0.013986013986013957,0.014184420337005399,0.022956317659612813,0.028947328266344607,-0.01794874717402173,0.03319980586332094,0.004838697371944312,0.024500550384737307,0.04188505294399314,0.0,-0.0016434178264612687,-0.021126760563380254,0.015748013532843164,-0.009896034866447856,0.0035928277000034647,0.01960782480441492,0.006542458699378306,0.01849695215728464,-0.003703788300324029,0.011646173325576603,0.0,-0.0029334565805781976,0.01655741793811738,0.012754235014221127,0.00015847668088708744
2014-08-05,-0.01919387002804218,-0.0013999686358957542,-0.014423063697193705,0.009423712484374569,-0.01220520055756602,-0.011267541156261052,-0.022222284189362895,-0.009708737864077666,0.009710402903197801,0.00858982700539368,-0.0035714285714285587,-0.008695685345193604,-0.05691054256251704,-0.011346170939791511,-0.006739380150866614,-0.026894932104348346,-0.023019094934376927,-0.0050719752997724354,-0.042741764636550994,-0.015151540693756349,0.009426617717876118,0.002169145299222963,-0.016715589085799065,-0.0046874512034391635,-0.03609153695450307,-0.02390806702361714,-0.013592403108392381,0.0016129401918516528,-0.019097284129383607,-0.007518858809598794,-0.011187091576679076,-0.009154554608922671,0.012631513801746541,0.013532594388906416,-0.009649159938382557,-0.02151029004723959,-0.020935128190068708,-0.00392078680343555,-0.024338159392287118,-0.015105728363180804,0.029769936065986435,-0.024258699412330942,-0.022869002918451842,-0.05333333624122816,-0.07586206896551728,0.013985974558169412,0.005473474491744401,0.007672712620599542,0.007832982857915782,-0.0027700984111524996,0.025040150760756497,-0.005886675703297928,0.02814062531344863,0.0,0.004115264263922169,-0.06474820143884896,-0.03423772775633782,-0.01449279921090485,0.0039777571745909235,0.004807710823928835,0.02199996163874962,-0.02313133941581691,-0.00247825338855745,-0.01617917113534606,0.0026738025815074007,0.015079039749910761,-0.006107852121515989,-0.007312420517168294,0.00015847668088708744
2014-08-06,0.008480111877879892,-0.018576993605468495,0.01707321299746467,0.012208263839526223,0.0022464907466075434,0.0005696794407756833,-0.03110039304844403,-0.0017825982420350828,-0.00978879448817016,0.03548616001314708,-0.005734767025089571,-0.017543843505051004,0.0,0.015649559566368376,0.0056542563084553965,-0.008040226989069255,0.01698618286549869,-0.006976191923994013,0.0032671509987209912,-0.011965759994079117,-0.004669293216770787,0.01731608999777201,0.013122621458198758,0.015698622630006875,-0.006392666305344519,-0.001413037208841783,0.0035433896306726886,-0.01288243530026223,-0.010619493663517665,0.009848539123198163,0.01634193786143423,0.0010869814227350005,0.0,-0.004172511105758336,-0.007085817567817454,0.004677264871050246,0.010691389709124755,0.0,0.010940918854545734,0.00613493503117768,-0.027595195114307303,0.0005524988216063509,-0.0021276576748903153,-0.04225352356034151,-0.03731343283582089,0.0,0.03647251201333668,0.030964399968475442,-0.0051813197350976115,0.006388851615641622,-0.019730694083742728,-0.016284253390202674,-0.024437963321876977,0.0,-0.0073770649365627605,0.0,0.008026780075342188,-0.021298179052649302,0.00237713481431312,-0.007655495231217668,-0.04011733560289388,0.0060665059377320585,0.0024844103870176326,0.005692548799802966,-0.010133355218385764,0.0036232024024356324,-0.022191925761747777,0.005070993914807254,0.00015847668088708744
2014-08-07,0.005821484629095597,-0.0032142572135331893,-0.02797776223641879,-0.008158972870791037,-0.012328381188958626,-0.01053525128205346,-0.0033950804065148166,-0.0031249330424265587,-0.002428021853378204,-0.011651821419877861,0.005767844268204758,-0.02142855135761923,0.0,0.004622457962853099,-0.012048192771084376,0.004052749212493545,0.008890141280865516,-0.005944311697878901,0.00325635363842669,-0.014705888418954038,-0.014855322982798014,-0.011347564549519684,0.0052987598093241495,0.0030911085176974495,-0.0027573283690845996,0.009905616835625963,-0.008238497652230392,-0.0032626395682111564,-0.013863954323390049,-0.007501847066166634,-0.01484228633183593,-0.000542900588513362,-0.012473948943504287,-0.008938533105376734,-0.00802867842360755,-0.008379918363888406,-0.007052129201692625,-0.005319128861087541,-0.04155848380813787,-0.0121952735063654,0.0,-0.014356721155118102,-0.006396582763079972,0.022058794788087477,0.04651162790697683,-0.006896501998571614,-0.012605129565465112,-0.00787788535791989,0.0,-0.006072241310252191,-0.006389739950984241,0.002633547593120511,0.009519200142710904,0.0,-0.002201993160152016,0.01538461538461533,-0.013271417891135284,0.01761658891338236,-0.0019763007224291584,0.01542910792457386,-0.006116223626980166,0.02411986249248077,-0.007434878340932816,-0.00628927233928156,-0.00889010560344905,-0.013718374841682257,0.03177373836610542,-0.005293253314922031,0.00015847668088708744
2014-08-08,0.009646277600668274,-0.04478684917621811,-0.009046104002668143,-0.028969938929368833,-0.007659607824638592,-0.021582732805602634,-0.005574490556586653,-0.006269550365224252,-0.00904034682983823,-0.018030528953274283,-0.0035842293906810374,0.010948894629691175,0.0,-0.010736140929339388,-0.030406486697313273,0.0126134792708823,-0.0021362448653960975,-0.0024463107818044616,0.004868833658986826,-0.009657647676547199,0.0,-0.019368743322314197,-0.004392347482620962,0.020030877570543115,0.009216536799961261,0.019617005104496155,0.003560209127467795,0.0016366205934803535,0.015872909192654605,0.00907026018415169,0.011299453969081164,-0.005975046782361937,-0.006315713803142886,-0.013528780293251996,0.0017985596240204238,0.017370888430724207,-0.009232919403974527,-0.0053475732925246655,-0.006323369173799276,0.03395072989121983,0.0013513341101820675,0.01120441744070999,-0.011802508200422834,0.014388431640711019,0.0,0.013888849579476004,-0.03510637628702917,-0.04168735327495554,-0.005208305631854371,-0.01194112052860774,0.0,-0.007504647596758618,-0.0019853038172568116,0.0,0.011586173036200131,0.007575757575757569,0.020847311793478207,-0.0045824926367017405,-0.03366332402417915,0.012345690193501735,0.005128169233047597,0.003798704740050063,0.02247182850912255,0.0003164629354783788,-0.012775238778275577,-0.014641344244577637,-0.06903550121315116,-0.010945397593792316,0.00015847668088708744
2014-08-11,0.010828030468740701,0.0015003737251626514,0.02323673402180715,0.020994464192742868,0.035163050199044754,0.027941141745383202,0.02584858301403603,0.009463611816364681,0.02456142842418796,0.009887030002217134,0.009352517985611541,0.02436827252913565,0.06896549858930645,0.004651124285190544,0.021130275011967736,0.011958134916585816,0.0008027589534203017,0.008446832195245335,0.0253027963718766,0.004432641127527059,0.0,0.007315301974995858,0.03205881309344316,0.013595167904704608,0.010045718015308847,0.007787451987543825,0.009065637973820095,-0.008169888044554652,-0.011160706772413431,-0.014232245943982313,-0.01303544282216551,-0.005464397720770453,0.019067653446957822,0.01828568518931961,-0.009874271297291903,0.0018458866143218344,0.016343996848212194,0.010752647153792871,-0.013636328957297605,0.02686573830319583,0.03103909474851796,0.023545770768597096,0.0010857183276247184,-0.014184341216745278,-0.022222222222222254,-0.020547918188214886,0.03472993877137309,0.042982907646887725,0.005235574101935425,0.0008431014182432861,0.016077170220805348,0.01020788440933984,0.02834428264051625,0.0,0.0035451590572630476,-0.015037593984962405,-0.006587558983774722,0.023017942736611285,-0.0081967880158349,0.02016887013746871,0.021683650749005468,0.021759638266037662,0.03052503208898827,0.007276163802445668,0.0030286411147126824,0.005943559397000531,-0.0021810056504248942,0.018714123765137813,0.00015847668088708744
2014-08-12,-0.002520476505448843,0.03258426677336379,-0.00811052412059221,-0.005050483157154728,-0.0002762005048189131,0.0,0.017000649563990722,-0.0031249330424265587,-0.001712354969799157,0.009790166977700077,-0.002138275124732747,-0.00792952859586038,0.0,-0.011831365757781764,0.0031204211415800653,-0.008862595937032314,-0.013636210887326472,0.0016212180904233708,0.0005251593153778877,-0.033539286584268524,-0.0007936689348472248,0.004357334223031639,-0.007409524771105569,-0.010432271068145815,-0.012658258409686929,0.0036363601684570312,-0.02382811013948327,-0.01153215316009093,-0.00045143409555192804,-0.01215800919538923,-0.00628927233928156,0.013736263160442963,0.0,-0.002805798365029477,0.004533135026706825,0.00414561517337253,-0.010579785213852055,0.011702193065488808,-0.027188946167943318,-0.026162853916607443,-0.03403139330399296,0.022192142838781015,0.0,-0.02877698095702741,-0.022727272727272707,0.0,-0.016515789330350916,-0.023336610109137457,-0.0026042779614322553,0.008143788425717613,0.0034809715719950063,0.0026198205079244197,0.03094777446904229,0.0,0.00679348305818861,0.01526717557251911,0.0,-0.00950002670288086,-0.004132182430007014,0.012413814150053826,0.014731630340363955,0.01777780060675327,-0.0035544709079036174,0.005339138446313507,0.002195997196031696,-0.021787380685232116,-0.008378923249265924,-0.003020507657251814,0.00015847668088708744
2014-08-13,-0.008843988881711784,-0.008342419528926337,-0.018806024478009387,0.0025380600078990234,-0.0038674025311954408,-0.009441968069203499,0.00746268656716409,-0.013434790487530157,-0.005831883359033396,0.02493079091502337,-0.012142857142857122,0.13676731177171164,0.0,-0.0244663806416604,0.001964618996192602,-0.018380529265988654,-0.021415084983995136,-0.005934690270651077,0.018367799524048545,-0.02191778769850683,-0.012708486534785401,-0.01952279641221455,-0.01952342159612308,-0.02259034218743694,-0.015567772445624461,0.008605096680893709,0.00800320712858249,-0.015000025431315067,0.0004516379803349846,-0.026923067324260086,-0.03164556923823336,-0.0005420178031604328,-0.022868920583135055,-0.01716374171883861,0.005415062649000824,0.007339425605084937,-0.001996036019947356,0.004206034562119099,-0.026527776271897063,-0.0238806085524762,0.01084011263846607,0.006089476818871731,0.007592127089251388,-0.022222193951021096,-0.03100775193798455,-0.05594408410680207,-0.05146256244345626,-0.04982204059152051,-0.005221904923763954,-0.02729803785701801,0.018921548601121163,0.0003732109440657272,0.024859266161552762,0.0,0.009446666068480436,-0.03759398496240607,-0.0006631374430903225,-0.020191803599891922,0.0016597479293722905,0.005903685652320911,0.02977355193253617,-0.015829622492692152,-0.01902495247503999,-0.020930902970232368,0.0035606762085815813,-0.009060058268103521,0.019471002939573268,-0.015254597640055323,0.00015847668088708744
2014-08-14,0.0019120897034961004,0.0003657379608377198,0.01250004768371582,0.036528037714870676,0.0194120870104173,0.02975155364180493,0.0029629177517360716,-0.024966048142803787,0.008281617302826172,0.01013510922953742,-0.002169197396963085,0.02578124365536505,0.008064526738975841,0.008537862691805786,0.017973831052420675,0.014676154182478696,-0.002770000021140029,-0.009498031100539484,-0.024220533558843682,-0.014005566572922845,0.0096540533075542,0.00516223668915039,0.00790628132080129,0.013867491048554781,-0.004651180533475685,-0.007633591055211664,-0.005557774521189107,-0.018612463539303348,-0.01580130843113625,-0.008695714124230425,-0.011111115959128615,-0.0027115587289072707,0.009574527210351569,0.0085885986981864,-0.0008976182229682994,-0.0104735711796472,-0.005571327467790432,-0.0011518388978584149,-0.0024330529886530394,-0.03058109155489852,-0.02144765916331748,-0.02105261150159332,0.006458665040595335,-0.022727305114402685,-0.016000000000000014,-0.014814773492454525,-0.0017133458739779783,-0.004815417336339278,0.0472440994539729,-0.0042955564630029475,-0.0034045374706326292,0.007462715247501972,-0.021510380476961632,0.0,0.0013368824227288911,-0.0078125,0.005972131459399899,0.0061824235021514795,-0.005799533601210327,0.006771991923863796,-0.017921108807884556,0.012941318469050778,-0.012121258359966802,-0.023931078377422033,0.006823159186688743,-0.007618983386802003,0.014414400667757565,0.0035803601950306074,0.00015847668088708744
2014-08-15,0.011450340231799805,0.004387564769224195,0.04362117891565109,0.018841623112433536,0.005440695323390088,0.014025198925415872,0.010930657703423607,0.0065176473828814085,-0.016940463467644773,0.006688988812411312,0.022463768115942084,0.0891089159250753,0.0,0.02910057502662733,0.041733584601260976,0.02793011232845699,0.008333148948669544,0.005479490716404856,-0.0018484282676742847,-0.010416724051186654,0.041434222803697685,0.00953774438278332,0.03805928102873812,0.03647421922127547,0.016822458727514977,-0.008597309084977578,0.009980071112795086,0.024137907220975086,0.006880764717847043,-0.0031897807428199476,0.0026437515895885166,0.007612903841414775,0.022128461632978214,0.014760164353480043,0.0044924060871947,0.027611574690662444,0.0022984369092413637,-0.00639478699339735,-0.008292686648485148,-0.009463746497216374,0.07123268419015072,0.029569850848416346,0.013903673957375906,0.0,-0.008130081300813052,0.015037551410481909,0.07780324061596455,0.07849457282415884,0.040100221195544794,0.0063273100650009795,0.011490649786276341,0.04259257846408415,-0.003274216818285103,0.0,-0.00053397132328592,-0.007874015748031482,0.00593667684485033,0.02355345971837064,0.06833337484044133,0.029148051485071935,-0.005109450011029026,0.017521467653276668,0.006134993015359136,0.013403067844621308,0.0021686141402470493,0.017658227872198617,-0.012078158337312295,0.021226245966296187,0.00015861396511152037
2014-08-18,0.015094325589697588,-0.013469201558929611,0.021293414986821357,0.0010273554285296083,0.001082250867444845,0.006915674002288208,0.003214512169129158,0.005087977720948045,0.006962543005809119,0.00996675193549934,0.017717930545712246,-0.020979034037302835,0.0,-0.012339395647359086,0.01448374098476557,0.021348953350327493,-0.010743743284380325,0.02452309893938298,0.0023809626395217,0.017224909900590557,-0.008416194280464029,-0.0007266332160428268,0.03274562118550284,-0.002932613879570223,0.011029401130226768,0.0168873045098219,-0.0011857668726473758,0.008417460171052937,0.00865599198160849,0.0,-0.011206333252404055,0.006475927006913018,0.014432985513324503,0.014545470813671413,0.003577814174168248,0.0264218070045108,0.0005732915528455784,0.013505006790326402,-0.017215955867348698,-0.03343942368951147,0.016624166662083217,0.01827678268625399,0.009493717810848956,-0.015503877443384662,0.008196721311475308,-0.014814773492454525,0.012738841251293653,0.016949160600185476,-0.012048245786715261,0.01314663022785556,-0.0018422282423462555,-0.01172291041484863,0.013608806221062197,0.0,0.013091064757318804,-0.031746031746031744,0.0026229152393284494,0.014007038011579098,0.0031201189472012114,0.0034858353397200226,-0.022010293166055073,0.0017937009943882476,-0.012195052453833122,0.0077419281005859375,0.010008136612067897,0.01772923011306249,-0.011866232651683073,0.0104803033494838,0.00015847668088708744
2014-08-19,0.009913249904750732,0.0025830499055334855,0.023166003973398075,0.020184747240086676,0.03945945163597253,0.030219706772465216,0.0034954536989337814,0.008283409751075999,-0.00864303612413364,0.009868458821503223,0.011838440111420656,0.030714307512555772,0.0,-0.0005205356383052306,0.0007594631612857228,0.0004750309234970995,0.011417555381319833,0.024468075633910846,0.0007918202116792283,0.008466618214389765,0.0339505848061874,0.025454518131323267,0.016260146842582035,0.011764747146921328,0.010909080505371094,0.0008976009783978611,0.0035616182149307285,0.026711240461266383,0.01851856636060356,0.020000021148683045,0.027333323160807277,-0.005361950858721154,0.023373870077372016,0.0341879911148264,0.03475937253838657,0.031849966315053324,0.012462450959441096,-0.005829743701669221,-0.0025024643746789366,0.039538655901223185,0.016352190967157565,0.027948721861227988,-0.01567402139584817,-0.023622017327247558,-0.03252032520325199,0.037593978451014864,0.031970682012092855,0.025000011687185575,0.024390352535604176,0.02115658338693538,0.028299047405154987,-0.0032350881946499044,0.0023148238495389606,0.0,0.013976776410690173,-0.008196721311475419,-0.008502255255544156,0.008880133256575107,0.004665621127920128,-0.009987036158376372,-0.005751458828552547,0.014324063384288044,-0.0024691922002160194,0.0003201097616869486,0.008301992763653177,-0.011860500573890764,-0.003275114777551602,0.01542711210715586,0.00015847668088708744
2014-08-20,0.004907971009235457,0.0051527898976087005,-0.025660356580677668,0.015090568998817222,-0.005460249157247299,0.005333432810644911,-0.021770681665900904,0.008671882782333329,-0.0008718529232962791,-0.0026058606422781905,-0.002064693737095613,0.011088000279162902,-0.03999995181139948,0.019270854484929156,-0.0013658573186261513,0.04273507057556558,0.047632039378482594,0.024143317280874266,-0.005274292508217537,0.006529822115724615,0.014179144736308436,-0.017021346824279582,0.03599999745686855,0.029069764217020122,0.020683498046554227,0.00538120373717188,0.005520517573818662,0.029268264316647752,0.011086466064855083,0.003921553843848402,0.008436087977168327,0.004312664528105525,0.005958465167678728,0.004798757068215087,0.012058558757587656,-0.0021142047040101364,-0.003254084630891829,0.0010471643995979552,0.010035065355161077,0.006339109768894291,0.014851490933036393,0.024195590346998586,0.005307795215901523,0.008064483683291046,0.01680672268907557,0.02173910112476407,0.021838511605523525,0.021520840087196236,0.016666693364375984,0.00828724814339421,-0.016153183086981215,0.013342980358504564,0.01616634470648548,0.0,0.014304285178070586,0.05785123966942152,-0.0019788485984247872,-0.006846028937602222,0.002708953876528586,-0.021929825295224914,0.004778714693272068,-0.00035304089815479944,0.0049504903750889895,0.016640014648437562,-0.006108798358820167,0.006001430253916196,0.007667068145341238,0.007339732074115979,0.00015888851937173598
2014-08-21,-0.00427348586145726,0.016477438618696993,-0.005421982653688873,0.003303613477286138,0.009150357299483325,0.013262555135614917,0.004450970557442702,-0.0009050114305901857,0.007853383551458704,-0.007184886174831151,-0.010344827586206917,0.009595571499949829,0.0,0.0066427771534463,-0.015653592111252834,0.01092895020115714,0.024704473745056577,-0.004309326214482101,0.022534423736697562,-0.02502312372974158,-0.01398090742636493,0.010101069915178895,-0.0023166185237060155,0.018361637210668746,0.02290742435850479,0.014718997439031378,0.003529399870970673,-0.009478664060459052,0.017543823639250666,0.00625007040799086,0.009652485128602839,0.0042941453199056845,0.003948700600319821,0.005837114075353034,0.0008511076720396638,0.007203392753276194,0.035486072349387277,0.012552289234335712,0.0034774766562972736,0.03779544910968302,-0.007317107961563818,0.038480223173718464,-0.009503632598284018,0.0480000047107898,0.016528925619834656,0.02127663050550832,-0.0009940584954982734,-0.0028090529764281946,0.004683815974133143,0.0,0.003040507469569409,-0.013879049526784093,0.0004544344894137353,0.0,0.006410261098322101,0.03125,0.019828115972477578,-0.006400746636384458,-0.008104905813563046,0.0022422038618765683,0.02002503507002884,0.003531655800483202,-0.003694548447536805,-0.0066100405664291095,-0.000801712050502168,-0.005220005354799828,0.013043431087944146,0.0019362070722510616,0.00015861396511152037
2014-08-22,-0.003678692085040902,0.01873197109748359,-0.013240029229670713,-0.004609854893919185,-0.010362692331107204,-0.01570677994070291,-0.002954164804395587,-0.005887715530770388,-0.005194746075732226,-0.003947333335215575,0.010452961672473782,-0.006109925438593122,0.0,-0.012690295403460228,-0.00802835680125158,-0.004504598254709058,0.006155300394843799,0.01578416128961413,0.007518837812300561,-0.00950573926980458,-0.011940287460221466,-0.006428623894465968,-0.027347767950563484,-0.005547902237302171,0.0008613461823907542,-0.01098901098901095,0.0007814904846210613,-0.006379579262313917,-0.025431070034480197,0.005434668526082875,0.005736147545881032,-0.01015492442576671,-0.010816317295817668,-0.011342700738028899,-0.0008503839037750094,-0.0012620858791022593,-0.008910179548298092,0.0020660841923396678,0.005940540958044194,0.012139537882533302,0.006142492606050043,-0.0009381077884595967,-0.0053304297168269565,-0.022900734287877644,-0.008130081300813052,-0.0069444555536263275,-0.018905525418077107,-0.017840336825244107,-0.030302982780089582,-0.002739741247854699,-0.02970607175122575,-0.011187278101214115,0.006360770195969145,0.0,0.009936300034242729,-0.045454545454545414,-0.009721302865615788,-0.0009911029465416998,-0.007782164330753072,0.0013422272386960366,0.0036809734620295576,-0.003519227101676403,-0.0037082487522073215,-0.006020235422184328,0.00026745176947384763,-0.004872489800652469,-0.02610871123532077,-0.009916598860862491,0.00015847668088708744
2014-08-25,0.022769282414363046,0.0007072635184350862,0.018153271586866415,0.033410527428910486,0.020942404355221322,0.02845738322310476,0.028444417317708304,-0.015945271685910645,0.025587453666868987,0.013870543816704162,0.0193103448275862,-0.0034153134946931507,0.0,0.026221029693695774,0.011517476478903221,0.025791864911536733,-0.012490370605251266,0.025564026731969003,-0.006175992973369238,0.01727450132992714,0.02492446596758402,0.01006476118812949,0.005305034755357818,0.022315213087841235,0.013769350171074501,0.01066665649414067,0.015228469450507598,0.022471888612677127,0.01724900232221338,0.01698844672419031,0.021546331559930243,0.010259104860299129,0.02485092489323515,0.024813203227958658,0.020425512767150655,0.023588845076259135,0.004149324687211742,0.0014433713871029319,0.003937004178520276,0.025487224034118405,0.019536027981291504,-0.014084471727988102,0.012861724042203981,-0.007812532446260678,-0.008196721311475419,0.0,0.05223127396094718,0.05353732481590945,0.002403717861190202,0.0002747627453345558,0.016869757695803456,0.014233624176159365,0.002257233243703638,0.0,0.001261417051515501,0.031746031746031855,0.021596841492730334,0.02480158748930661,0.010196098912620633,0.01563898099171057,0.011246914322713408,0.01977749179480348,0.0248138708254122,-0.006375542160946268,0.02299458822813394,0.009416138520266015,0.006243117119053121,0.02273700070197071,0.00015888851937173598
2014-08-26,-0.0042118892080682535,-0.006713799744772486,0.0,0.006081963362665421,-0.009487209052474799,0.005430639200936893,0.016997988134543673,-0.005092592725614575,0.012729114816681042,-0.0006514806927241379,0.014884979702300516,0.01096640477990185,0.0,-0.05661323691688602,0.007539706251278755,0.0030878635348547956,-0.022973657626089827,0.029325403381243564,-0.01657176146543593,-0.007547162342173674,-0.0014738028400238523,0.008540857472456587,-0.00554087299700079,0.02455662019522742,0.01443124619248759,-0.018909424340536773,0.0,0.00941914346271222,-0.0008695013253904316,0.01822325769392008,0.012406876251771504,0.014430810848502063,0.008729364368461168,0.00676907842700647,-0.008340363400673234,-0.010699564562928532,0.002892651262262458,0.004941316928172235,0.0034313576535871526,0.01900584918322612,0.033533011166133164,0.0011904580252510844,-0.013756656280968227,0.07874016508629289,0.1074380165289257,0.04895100389065532,-0.004819295492516917,-0.009074444402520476,-0.0023979538566745173,0.0024718261403833264,-0.0015360749072957924,0.0003597812595830252,0.009009156924924433,0.0,-0.0015117455514972455,0.06153846153846154,-0.0038436696000676562,-0.011132601352131122,-0.0003882174977241082,-0.007919063299640983,0.009429407693857028,-0.014718550790609797,-0.006053291688786322,-0.00481230728787696,0.01594357969717608,-0.010074573493685235,0.03175185588853169,0.001439691972880297,0.00015888851937173598
2014-08-27,0.0,0.029526754636083785,0.02403092832206344,0.046770639720962626,0.03158173057780855,0.026491738727160374,-0.005665744115072924,-0.006980060888295281,0.0021786691367204902,0.007170772854176777,0.0,0.037288148524397435,0.0,0.015932030116680318,0.016340861942104823,-0.0008795435281770958,0.044914045016244186,0.04344735702913094,0.03370194827292061,-0.0019011841153402376,0.02214023516693353,0.017643007191142424,-0.0007959726554326307,0.06524639682797373,0.048535559243805704,-0.023756109008695958,0.006923053829846593,0.021772993321980794,0.03133155133334342,0.0067113841376278405,0.0,0.009483683325451464,0.028846125834220304,0.03025609660144646,-0.0016819961475723622,0.011647278467236344,0.040104377483164644,0.006453567257659554,0.042989794706105755,0.047345749412148086,0.035921111290406316,-0.0035671275601223407,0.028969874716044064,0.08759118902253205,0.0671641791044777,0.0,0.046973425599131424,0.045787545467645296,0.01682694917975791,0.013698616634967742,0.02830763596754804,0.00683455177237291,0.029017858872456337,0.0,0.018168012794882005,0.021739130434782705,0.007717000801519935,0.027900131488486357,0.015534029737512611,0.0013304074350566353,-0.010778488448522361,-0.008787388801628881,0.02070646473861837,-0.010960675292407851,-0.006946246261329003,0.02600820523710068,0.022285077841008194,0.018889687567910984,0.00015847668088708744
2014-08-28,-0.013897253947981358,0.0034555704044048063,-0.003028006296849628,0.01094215133610632,0.0042660272555219425,0.002255051829982424,-0.005697919001040552,-0.04170564168972368,-0.01270906345042544,-0.006472454953393769,-0.0033333333333332993,-0.013071882795547274,-0.008333343790928427,-0.011500279617371656,-0.019834705248587547,0.003521093615267201,-0.0017698584619748603,0.011376546611769012,0.01782984641767804,-0.05333337329682852,0.003610053117936607,-0.021497915655564137,-0.002389820197826631,-0.032500095552739916,-0.030327224464418268,-0.01331500947587938,-0.0007638786251753515,0.010654443378274259,0.004219428260504587,-0.03999993947346547,-0.038602948910637425,-0.0031314961597187496,-0.006541978473245003,-0.009538214317051819,-0.02527386441890689,-0.006990134231738443,0.00858318489692489,-0.0028498991755129266,0.029508156885720505,0.03972610640839469,0.00671144168446447,-0.016706461514258142,0.007299428168251465,-0.00671138287244899,0.0,-0.006666618625776111,-0.007863092955364248,0.0,0.011820154246855452,-0.010810782620471193,-0.009575096120788218,-0.00321543956140935,-0.02472905366366651,0.0,-0.01486986803763779,-0.007092198581560294,-0.010848751214832308,0.003809520176478731,0.008030596664565293,0.0008857598685230172,0.0029056462993120036,-0.005851032243436194,-0.031026279872453433,-0.04400261955805718,-0.0025906792968724,-0.009919124836043847,0.0,-0.010828370330265291,0.00015888851937173598
2014-08-29,0.003063795670599001,0.03168031103968616,0.02505697878356994,0.058328398656299685,0.0069964389375336555,0.02849996478422212,0.02263601909141122,0.0029339945805619827,0.01812332582346543,0.0019543799495540526,0.0026755852842810235,0.02317876946711328,0.016806743957258785,0.01797990583776654,0.030967293256343176,0.0008772290005731875,0.010131770523969408,0.05039374701619015,0.00600598327579438,-0.01006030503187949,0.020863307180701174,0.017009146153276644,0.012776177179845138,0.05555557267507916,0.022222260595949894,0.013029348051544432,0.002675710282733501,0.018072344097764814,0.02563022488262967,0.0023147132968202033,0.01465905048195193,0.019895243621841363,0.030103583473449325,0.026355833279291474,-0.013828765180732616,0.026915052499843606,0.0054987142057962846,0.02408901370662786,0.046405845268725265,0.0,0.013333397052157414,-0.0024272399749155626,0.01552788083581036,0.006756729873596434,0.013986013986013957,0.0,0.02937058920086799,0.022767095196571274,0.01635516799460346,0.027322377026606004,0.010574087762934559,0.003942674260056345,-0.026245327811252106,0.0,0.0027673103393841547,0.014285714285714235,-0.0019354416145838105,0.018500919879504085,0.015174477963109112,0.03274335215166224,-0.00024142410250593827,0.02907079639810406,-0.003694548447536805,-0.004432293252804587,-0.016883154267898437,0.037105802771266516,0.027681700863976033,0.016536464812326956,0.00015847668088708744
2014-09-01,-0.025045863168424054,0.027369946154320646,0.037036895751953125,0.006534077762818891,-0.007940445204714708,-0.010452052373981058,-0.017091533178087537,-0.02974159891089123,-0.021127935241026075,0.005201555468841601,0.014009339559706513,0.02977346561979366,0.0,-0.04675316680459285,-0.0020817753107574832,-0.013584557537932973,0.0005013698268054867,-0.0319126364251463,-0.033582089822186134,-0.01930899706415634,-0.013389681888783311,0.0013937844909346353,-0.01839689104684672,0.052631652698843956,0.008051560455349493,-0.019751965830686724,0.004956292657055439,0.022189291930702293,0.045473233145619796,-0.023864422859716017,-0.02701006929114802,-0.0107802407293357,0.0045662298507938015,0.0,-0.018404936178084474,-0.01209676558359829,-0.013020820209507789,-0.0035881272079324456,0.028695645539656978,-0.018445284001178952,0.023026309357146335,-0.03284667942192576,-0.014271138913986126,-0.02684564126771538,-0.02758620689655178,0.0,0.018115924814873674,0.020119833093934947,0.02298860733175867,0.010638357094743256,-0.0032885084556839583,-0.0035701671064827245,-0.04157154066348501,0.0,0.01028600505264321,-0.04225352112676062,-0.0012928393497815271,-0.01630174593919953,0.03475331684591665,-0.01585264939222264,0.0019319286089198862,-0.028422903286491663,0.00123612221176983,-0.008561643611917247,0.024834930441608227,-0.0021467874216478666,-0.004377140228139398,-0.002398511943610515,0.00015847668088708744
2014-09-02,0.000626580755509698,0.013645164378685015,-0.006428617263333103,0.057296041823638566,0.0240120015970815,0.02063372797681473,-0.012542828347766433,0.003517616358283071,0.011896646592941318,0.01552391788654428,0.019078947368420973,-0.015084838052792482,0.033057788669809574,0.027247930896698636,-0.023245381379912056,-0.008884945840247016,0.008771906230815363,-0.00022125948495732572,-0.01724575861043387,0.031088103895754893,0.012142862592424697,0.017397317867020146,-0.006425684096969642,-0.029069721004161386,-0.026357896590629704,0.02061858157973151,-0.008346010909960233,0.004341564467557069,0.00391841082574329,0.03312299759977311,0.030342173916951598,-0.0036325735942583925,0.01818174780073667,0.01827163962313194,0.048214240554643295,0.008163259424724512,-0.007255859637917195,0.0033010085728231164,-0.039306860151036904,-0.0013423709602947698,0.015005280002014842,0.008301932856721761,-0.024819005035400576,0.013793161796349596,0.02127659574468077,0.020134201050403533,0.03603209029293586,0.030633635945173765,0.02247179120121756,-0.002368485738994397,-0.0020995709209312707,-0.032604795857656965,-0.0033366421622651465,0.0,-0.018872588445313587,0.05147058823529416,0.00582517967201901,0.0004734053568136165,0.002528038145771294,-0.016107920894436134,-0.0007231195826199466,-0.003924394808207832,0.037036941102725374,-0.006908489038642274,0.0002577989682326365,0.00035855285471808607,-0.03212711753112063,0.012348505912562757,0.00015847668088708744
2014-09-03,0.016280480329377678,0.0,0.013659381683670091,-0.014949214422855461,-0.011235953042858293,0.0021661023542793867,0.010392627502734397,0.0,0.014444063638659355,-0.0012738537791289195,-0.007101355713363455,-0.02552645925863173,0.0,0.014323592326730417,-0.020595057828596386,-0.0017929010703867654,-0.006459493296629315,0.0075238224775679985,0.0686222689419691,0.02110553187663644,0.009880052404302342,-0.00820793533035391,0.017246060439720656,-0.00838341169002288,-0.005742386975703062,-0.0004591473171058347,0.009946348053329501,0.005763683216603255,0.027322528032785343,0.024427480775988553,0.019423585142590793,-0.0020833809342630794,-0.005357224847275854,-0.0033948086252238996,0.01533218391472202,0.02753037645990508,-0.000664427718259808,0.005882354283513136,-0.019797574335830626,0.0,-0.01478345019248084,-0.00449102537306556,0.013785832618768756,0.02721088662458815,0.02777777777777768,-0.006578899816481409,-0.021897819185649814,-0.0248370812812444,0.026373701118191706,0.002374108781786788,0.0006011559209042616,-0.015185179533781845,0.009564958675882806,0.0,-0.002784120008325841,0.020979020979021046,0.009652554941238956,0.03170847623780215,-0.025936622952345223,0.023893761020529425,-0.001447147110266278,0.016475675342253693,0.05238101833802267,0.008695652173912993,0.0077319757516101095,0.010752641346545078,-0.016422124630367962,-0.000953211839214152,0.00015847668088708744
2014-09-04,0.0073937672592727655,-0.006410250532086104,-0.013475317182959579,-0.057723603795013734,-0.023715410722012442,-0.03458214367761425,0.01199994768415169,-0.0155233507042013,-0.011258238380677743,0.007653053777012531,-0.012353706111833507,0.0052390256259213785,0.0,-0.00627613288867257,-0.022585623320374504,-0.031881538798984144,0.010252493527821649,-0.014935180327513398,-0.019607887863196782,-0.015748016714081325,-0.007686974641927247,-0.006896563664593347,-0.027814573886326355,-0.03985494722263505,-0.024752491218445583,0.01056497645383847,-0.0018938729511976948,-0.007163351088572134,-0.009878482729694937,0.013412766250071817,0.02458510186085472,-0.007828790173530886,-0.022441678495008555,-0.020437957692231445,0.031879254581857364,-0.02285265418441773,0.005717971071019123,0.011101188386487548,-0.01885099027603221,-0.0026880928585769626,0.005359044634456467,0.0035087564986089337,-0.028242814530632265,0.033112558390644864,0.03378378378378377,-0.013245054095872288,-0.04741000400141304,-0.04843423008182568,-0.03854390074187164,-0.015789474590181984,-0.013817935470770704,-0.016547594265989285,0.008526680158757127,0.0,-0.004060913297285085,0.03424657534246567,0.006373494811156455,-0.004587086129392737,-0.009245563529202583,-0.0034572137344931475,-0.00966183742532023,0.004228353402324636,-0.0033936348929144433,-0.011034472235317838,0.02301784398288853,-0.0014184453287012788,-0.007815251024361425,-0.016769895046654937,0.00015847668088708744
2014-09-05,-0.021406750660776686,0.006128957383215949,0.020129593462139717,-0.01639343363013801,0.008350231816478315,0.01716419238255451,-0.00903443566817519,-0.020854470758851162,-0.003683860633334368,-0.01582278461911668,-0.012508229098090795,0.0013028992568298037,0.0,-0.013157933497846441,0.024541847259399896,-0.010667920670236808,-0.005445617378939671,-0.022073617964452397,0.0,-0.02399997711181645,-0.011971836519534595,-0.026388881252247143,0.0016348887839068293,-0.017610077988002515,-0.0042300540060453695,-0.0018182234330610392,0.00834917877004382,-0.02020200143629136,-0.002686111008296299,-0.014705827780655212,-0.022795390463554388,-0.008416614702035696,0.000918413122885875,0.007451558626270893,0.021951156274301775,0.0008064984892981464,-0.014147778088343554,-9.805054427025617e-05,0.00182978074391138,-0.030997358498785044,-0.003198309385155862,0.0027472679279811896,0.021528507063247382,0.06410262324983695,0.045751633986928164,0.0067113607080768745,0.001382432177058135,0.0013163132115732168,0.0,-0.008021434565992247,-0.0027413995604093078,0.03173995930454643,-0.0009394118927495976,0.0,-0.007390442433163558,-0.0331125827814569,0.004433172572006372,-0.001843360097740665,0.026502433320912733,0.007372076332656574,-0.011219552707907532,0.0,-0.05107840425721921,-0.014993036980483598,0.021250047554454143,0.0085227610427967,0.02434659139798745,-0.0019572368421052477,0.00015847668088708744
2014-09-08,-0.014999985694885254,-0.008335860463520639,-0.02818904002397693,-0.049999972114786684,-0.032622326745337604,-0.027879700973111876,-0.02051274750159049,-0.010389571310356671,-0.02117649800439847,-0.016077170220805348,-0.03066666666666662,-0.013662982414481273,0.0,-0.03093319509852477,-0.014621285239073911,-0.029535801917936255,-0.025634648858159692,-0.017327904841751174,-0.015749995746604628,-0.028688594270410817,-0.022095471977370607,-0.03851637556329479,-0.023667064420101358,-0.039692692670988294,-0.054375558065556384,0.0031876869349392045,-0.01618367140127086,-0.02503683022813319,-0.032320147603823735,-0.026865660131415225,-0.02885212979055929,-0.01167115205575242,-0.023853299917964033,-0.025887599519302973,-0.03341285854885212,-0.05922639327133039,-0.006571838993672752,0.003725500667796311,-0.004109596080163369,-0.04450628058504513,-0.0620320810016739,-0.023661288339606235,0.0,-0.012048242632469064,-0.006249999999999978,-0.039999948021331555,-0.04786005660779136,-0.04907970845147691,-0.03786182383293246,-0.016172508401849695,-0.006108758481554788,-0.03261672259812276,0.009873099781223305,0.0,-0.022849810787742952,-0.0547945205479452,-0.010718784984318663,-0.048938110499064935,-0.009090910417000053,-0.023245760603520238,0.006413423776108873,-0.017543872391139415,-0.025119622819510856,-0.00530972100992122,0.0,0.01056333447561597,-0.03110804886439089,-0.024521678943985714,0.00015847668088708744
2014-09-09,-0.003807133169118959,-0.0158423704994044,-0.02900640016547873,-0.0043091165624190575,0.0002593715988796763,-0.013333345574183086,-0.010762150526085312,0.00787387722372479,-0.0092719411363954,-0.020915074804529477,-0.023383768913342484,-0.020448513790407574,-0.0559999726931264,-0.020913691521642686,-0.01720600124454874,-0.02608695482660328,-0.04469987547579857,-0.009280708493176304,0.0007620540799848641,0.0042195060610632495,-0.02988337022101961,-0.027448103683826663,-0.015881839512608353,-0.028000087771379745,-0.026055701605677384,-0.00136181051794948,-0.0003826150671438766,-0.027190306865605196,-0.02425444784104369,-0.023773008466973944,-0.024652300706177188,0.0042941453199056845,-0.010338299500458836,-0.015439113770889912,-0.028806601417130318,-0.016274110547803478,-0.014040832706219253,0.003613976636302141,-0.014213639318353288,0.004366823200690595,-0.0011402961372871667,0.007908100830621212,-0.009483603884439584,-0.048780492670109865,-0.06289308176100628,-0.041666671793981425,-0.014499813275275164,-0.01013830474507893,-0.01620372842380291,-0.019178099130676918,-0.03503384342110105,0.019923388895153327,-0.020018700543123824,0.0,-0.023909546998916564,-0.021739130434782594,0.0070108506234114465,-0.009223326725203762,-0.013577974817671534,-0.014543848212375532,-0.013235293392642955,0.0,0.0024540440122473584,0.018149474091044837,-0.005385568716870459,-0.014634118104853822,-0.004689724530547612,-0.008734140861250461,0.00015847668088708744
2014-09-10,0.014649713293303002,-0.016097203359164647,-0.014189627498641055,-0.015765018410779374,-0.01192945831138903,-0.024732265009024035,-0.0032342487822074606,-0.005208314252989732,0.01195840768849643,-0.00267022450436305,-0.016197183098591528,-0.0033670161246093233,-0.016949174172561365,-0.010680154098684391,-0.012206847767780138,-0.002480210458597698,-0.004545382373708273,-0.00936764689325964,0.027157362073482183,0.004201676463198689,-0.009015840379429041,0.006864971030336342,0.005096230785940126,0.00823056334827399,0.013837602990666387,0.03181821649724781,-0.00038276151746763354,-0.021739109509576693,-0.004482465844625194,-0.027494193381767285,-0.021386903252060274,-0.012827353439976319,-0.010446296441744107,-0.010796867202243488,0.011016983809195358,-0.006094918740820576,-0.016294661203924976,0.0006812993627394182,-0.020930268043695466,-0.014492743550594933,-0.042237505532552455,-0.011642599443542734,0.004255315349780631,0.025641028329538074,0.033557046979865834,-0.021739165327661736,-0.02403137742941408,-0.024674059152316685,-0.030588411953497263,-0.0008379204116297778,-0.003821622080974474,-0.006761844459091448,0.013776895059280259,0.0,0.020995863322792907,-0.0444444444444444,-0.0012658370301781297,0.006859352802307317,-0.009672638312646531,0.004472203550602849,-0.025583659552406046,-0.001428628668766474,-0.033047732974929245,-0.007340125387669816,-0.021658815559784883,0.003536169522902588,-0.011598394094035624,-0.008129388506374013,0.00015888851937173598
2014-09-11,-0.008160710103607416,-0.011018330322174141,0.00606038340524373,0.007223603678834678,0.00026249923143573106,-0.004705899862862517,0.0073746309364957074,-0.004712002869833309,-0.0011988674587097847,0.004016092456621045,0.020758768790264837,0.00675671800720723,0.0,-0.031818200759598625,0.007154449214780145,-0.000497235307479249,-0.008863938117508963,-0.003782552687802143,-0.022238718822593095,-0.00836829224570046,0.020470088427085864,-0.020454566734315005,0.018309875519307628,0.00544203311844349,0.0045496079869140615,0.005726835083584625,0.008039973044733362,0.014285662385072895,0.005730663294903682,-0.009693017560295503,-0.01589408733307074,0.0070384988060741005,-0.0009598385296034628,-0.0015593293804988528,0.013411555094082761,0.007446345429227508,-0.0016704160337996932,-0.013518764269636718,-0.01282653492640895,0.044117615945750366,0.038140724619315725,-0.0007682145936741547,-0.00953383426561738,0.006249975081270787,-0.012987012987012991,0.029629678244171176,0.011557766163078798,0.012410420623618412,0.019417609355127485,-0.007268737470827125,0.007033225975868307,0.004160313947847216,-0.0037489590582066024,0.0,0.003163785162394017,0.0,-0.01584282870460807,0.013138708894779194,0.020661175394291575,0.020035653663519337,0.01962778227192241,0.005901330010964934,-0.007594929374080017,-0.001408415799858398,-0.00654089453134632,0.006342431727098807,-0.002566912125015808,0.0023711747624528545,0.00015847668088708744
2014-09-12,-0.02088607086850336,-0.02059415006751708,-0.04743966940528521,-0.03461180607777514,-0.03122548939088443,-0.028106058514619447,-0.04216698029471577,-0.003156243579341078,-0.020061705702280275,0.0066666920979818745,-0.036465638148667656,-0.021476490135359017,0.0,-0.022300462969517598,-0.028091667780877683,-0.02985076724355651,-0.020054118782118047,-0.027052749990119862,-0.004296161670267806,-0.008438810925003759,-0.028974765395056057,-0.038669754298763515,-0.0279391619102215,-0.006765851212595098,-0.014492739851898917,0.0118265641115185,-0.022028090706611936,-0.042253519024720965,-0.02767600282614857,0.008156576472559962,0.0033647504636646897,-0.021505355393904968,-0.03458203644928204,-0.03591880369836031,-0.005789947125343531,-0.026086936501083513,-0.017568372004853727,-0.01666179816088953,-0.018286865041320488,-0.02253522306386957,-0.024110152665696938,-0.020758620291862484,-0.005347644581514266,-0.006211155514081912,-0.006578947368421018,-0.05755398480720386,-0.05017378855641941,-0.05044788972233105,-0.03333338672875186,-0.00732186676517943,-0.0374603271484375,-0.04331448781832792,-0.031514531397026646,0.0,-0.038633430173021344,-0.03875968992248058,0.023180945223113314,-0.0009606367942763816,-0.009201326294957957,-0.025316452534659084,-0.03000000646537926,-0.031111152980133117,0.020408143405366452,0.009167849904309744,-0.005064584243184678,-0.01785721262248985,-0.027941184101632488,-0.024152767540326026,0.00015847668088708744
2014-09-15,0.036199121522332955,-0.002068299649004457,0.03399223565784881,0.027131788676608037,0.034398728451079386,0.03378373624599007,-0.0024456746743045654,0.015831184972628476,0.003674498683226446,0.025827773496418738,0.011644832605531397,-0.005486963245862619,0.025862102539248477,0.025210070404415585,0.00996675193549934,0.00974362784121885,-0.01493370878984257,0.0024390417532793585,-0.019796916208282722,0.02872345411923405,0.01377202061045657,-0.0016089977721988058,0.004553225015035078,-0.008174366733698313,-0.014705868173635728,0.016883090182166605,0.010096898560101986,0.01307188320294328,-0.0033486527576596092,0.004045389717898917,0.008718988314643239,-0.00659345242873588,0.018905490635006794,0.02537803920802606,0.00998335235194392,0.0,-0.009650816440834098,-0.002907492403688483,0.016666674458123643,0.017291110092418904,0.029411697553484606,0.00680455751008191,-0.009677354221823586,-0.012499950162541684,0.0,0.0,0.01778233422153397,0.02184709768580073,0.04926106391929075,0.003120621860497108,0.007255977009151593,-0.003937022951637115,0.0019426380172868907,0.0,-0.004920732268864025,0.056451612903225756,0.0037759396979910598,0.0024039012616927646,-0.005943525333371502,-0.004478297438933909,-0.007731941965925637,-0.008256822752606419,0.014999985694885254,0.017120885980074885,-0.009417174925635319,-0.0014259422303783964,0.0037821626115670526,0.017934935356942017,0.00015847668088708744
2014-09-16,0.012476534436922204,0.004145073931010046,0.022935757240897692,0.04402520627256212,0.01728200823124748,0.025359461942266348,0.019000886043200493,-0.0015585001773220641,0.009239946218210227,0.01936734636331172,0.012949640287769792,0.022758615428003726,-0.03361348791451757,-0.007611304465738544,0.029605250981045383,0.03707469288697918,0.014317907068547298,0.017031646686669344,-0.018902170128116014,0.009307151176609185,0.014339590972324512,0.004834772454705094,0.024079331114982283,0.05082421308673757,0.04197759310223037,-0.0080885711327775,0.0,0.00806454714081517,0.006719807818300838,-0.004029090476711961,-0.0019946631015479444,0.011061989147312934,0.03125002498952845,0.025803005770285603,0.013179646687200952,-0.00446428219635997,0.02464891176437667,0.01960777319042384,0.005303790335848824,0.01982998714979667,-0.018285661740044867,0.033012748049516594,0.013029303346306476,0.06962017912471286,0.08609271523178808,-0.007633600177145872,0.04367936389822091,0.047133105779905815,-0.023474056593131398,0.031108583787767596,0.01866403659910887,0.026877483228524568,-0.008240399151639322,0.0,0.014285735429848012,-0.022900763358778664,-0.009404370167588771,0.002398044899077467,-0.011210778801087562,0.012145769830119946,0.004155830081549183,0.027937113633421662,-0.014778311237724773,0.0013740641477173465,-0.007965073973135617,0.0032131506802748344,0.009796469953438747,0.020121141003295984,0.00015847668088708744
2014-09-17,-0.017251986498368677,-0.006535966366887469,0.0007473299792222221,0.0,-0.002059201735177707,0.005099409864905091,-0.006917279465754267,-0.01040578873394371,-0.009500783973029892,0.0025332464819292078,0.0078125,0.013486163876874624,0.0,-0.06489668983197117,-0.012779540839625847,-0.016160647255867633,-0.00996405026270053,0.02129189366529438,-0.07099501773459282,-0.011270554074993555,0.006696440133767023,-0.00481150989917889,0.0,0.027451004600701934,0.025962395691338847,0.012446391631896425,0.003460288270783707,-0.008000030517578138,-0.005840638470032133,0.011326916215488314,0.00932707445127523,-0.009846843458123145,0.0018939166302924804,0.004363488577987296,-0.0008130500113177064,-0.012556079052885138,-0.001818214386313799,-0.0003944487350384662,0.022541933081795085,-0.001388848000803522,0.0,-0.0010065655218384206,0.0,0.035503011268362306,0.024390243902439046,0.015384640549112927,0.027080313090675823,0.026450191292470837,-0.00961556455833068,-0.0002743105726722428,0.00900028202518599,-0.02617399219235117,0.014662693159916529,0.0,-0.005958775870232413,0.03125,0.012658244560544096,0.00669862677284172,0.032879814382899664,-0.021333312988281228,0.003879970866585314,-0.014038861681696324,0.00625002384185791,-0.003087483834156801,0.0023310074779037127,-0.0024911128747412414,-0.026492503906150433,-0.00011841326228534399,0.00015847668088708744
2014-09-18,0.014420093959941038,-0.0027699815668084105,-0.029126240560119476,-0.015662664030542395,-0.020634444894775728,-0.01319118597857738,-0.024227717321925413,-0.008937970106772664,0.012731048638894515,0.023373394884184995,-0.03312191684284704,0.0,0.0,-0.013880086886695397,-0.04789642590638721,-0.01642610372393849,-0.02460155172310341,-0.017100003358185956,0.016761417904183284,0.03523317782676494,-0.013303721733476825,-0.024979852197055896,-0.015491008058152289,-0.015267258035923659,-0.013961592223343589,-0.0012717544065897757,-0.00191564153413748,-0.009677410423445276,-0.018044464073198152,0.004799982004393355,0.004620504967730588,-0.033149191647752096,0.0009450908486088316,-0.011755721788452522,0.017087090016920436,-0.024977318771506662,-0.031946124469584225,-0.002762456514483702,-0.010787971178637723,-0.05980525617570298,-0.026775405866895197,-0.0352645213847409,0.004287128909915117,-0.017142881711601943,-0.005952380952380931,-0.007575769779614161,-0.031160187289560715,-0.03752259910559841,-0.007281399387310872,-0.01783265693963776,-0.0232557998225722,-0.018577048518879646,-0.0028900655355833527,0.0,-0.01634883666508158,-0.030303030303030276,0.021874935393072947,-0.011406923385144818,-0.04024884632997894,-0.02270662986402039,0.004637955043947262,-0.014238833203448764,0.018633492543629337,0.0010323705160650842,0.0,0.007135240044743529,-0.04791107676080297,-0.012417946809230584,0.00015847668088708744
2014-09-19,0.013596990680161847,-0.027430652482086315,-0.016922951986089285,-0.018665869175495398,-0.008427768584609474,-0.023136331836795865,0.005586601438739791,-0.008488053937406259,-0.012915437533634,-0.0030864902502700797,0.0276967930029155,0.0013307024696611602,-0.043478208680430064,-0.0031990597552553623,-0.0006798252111422931,0.02682189118205458,-0.007738784958061018,-0.019542497513239887,-0.050572803494840834,0.007007072082314991,-0.012734087748035638,-0.0008263998524035143,0.0019668360360804993,-0.021963800959078128,-0.025663713005138256,0.0029711246354402476,-0.011516276086408705,-0.0016286241469254392,0.0012820680906040494,0.008758024777107742,-0.0013140905001821634,0.005714307512555861,-0.03399423877311569,-0.023791026953644656,-0.03199997045898351,-0.011644191693423789,0.003618439312510713,-0.010684624577059432,-0.03840680227984683,-0.0029586344510870166,-0.003588534007690325,-0.007571825621519257,-0.0021343579684638403,0.04069770206346224,0.041916167664670656,-0.015267200354291743,-0.017812900510199237,-0.01784880468643335,0.056234773983465436,0.013966466922105125,-0.013046302039170898,0.012887623673276893,-0.010145026923218614,0.0,0.029362934142618036,-0.0078125,-0.011009116454656631,-0.024038462420187034,-0.020205777094746247,-0.01626395790077495,-0.017696836914721126,0.0012963195227913005,-0.0036585041059751244,-0.0264695927715618,0.00490957153871574,0.002479553346628416,-0.003623194526370166,-0.010021584952204732,0.00015847668088708744
2014-09-22,0.002439080271815719,-0.012852541172788667,-0.037558759542899,-0.04739633527371023,-0.0039840955720508164,-0.008157857856300521,-0.02098772162036089,-0.03691808847200362,-0.0041870423382837085,-0.0037151372978077024,-0.03546099290780147,-0.03388705796799951,0.0,-0.012195056990415454,-0.009523768126867505,-0.03942831606692143,-0.030618053167963066,-0.02649485447110711,0.016480277280031874,-0.03280326676099132,-0.03793626619292645,-0.009098475949572471,-0.007851900742988804,-0.03963008326271,-0.04813811767734488,-0.01650441826066429,-0.023300984373681888,-0.037520393928159534,-0.04310717421667787,-0.031570614378926276,-0.025657854904097666,-0.013636350336153957,-0.009775133742617736,-0.013509952907633793,-0.0024793798273260448,-0.015080065537533383,-0.012114186826278517,-0.0004999923896786829,-0.033530585904938626,-0.02522252047043183,-0.01800716387641199,-0.0028938910947539087,-0.016042821547564312,-0.011173230812980384,-0.017241379310344862,-0.04651156721110339,-0.022670063188489187,-0.015303667965536727,-0.041666889147560005,-0.026446194467874884,0.02875079065777375,-0.031411491855317886,-0.0039041776546351326,0.0,-0.023143194207344675,-0.007874015748031482,0.006802736133011633,-0.022167432143016197,-0.05252921901615204,-0.019839398903179983,-0.02140984061142115,-0.014795615661292616,-0.03427175118648995,-0.036723129215597505,-0.029827784594063655,0.00247359560234095,-0.01292928059895837,-0.016802505667168455,0.00015847668088708744
2014-09-23,-0.00304143204287588,0.030379719330013488,0.007317124513698703,-0.013420617271725943,-0.008533267012819201,-0.008224955877221274,-0.006935665766608978,-0.0027778821734324444,0.009285271728732836,0.006215064047320196,0.002941176470588225,0.035075669203567195,0.0,0.01039639431642958,0.002747250048093175,-0.0005130529320312993,-0.011919020924268109,-0.007990004697355002,0.011001709618185362,0.0020555456017088414,-0.0015773231295197476,0.029215329665834844,0.0005652501359889595,-0.023383742649438766,-0.028625882649278234,-0.0060240701818948805,0.011928389043915022,0.0,-0.012934856296253683,-0.000815090744582414,0.00540175026599532,-0.0069124904962182265,-0.012833256742332155,-0.004833447110423217,-0.009941995898046674,0.004784685403204536,-0.003357747932727473,-0.007403680703989668,-0.028061282331869886,0.039573821284527355,-0.012224911909741398,-0.006860214400068898,0.005434720637890411,0.016949177603232224,0.011695906432748648,-0.02439028255403397,-0.017525781405847707,-0.022340990209437805,0.021739367635638995,-0.026881775658856633,-0.030517150054668596,-0.001642073666876076,0.017148279289054713,0.0,-0.001928369051841905,-0.023809523809523836,-0.011056574172311318,-0.0010075797168418443,0.002053404834994499,0.014939733298428015,0.002401229319009879,-0.011638840401168249,-0.0038022475892073304,0.00989730731741556,-0.006095845669370381,0.0028197161982128627,-0.0036840012879092443,-0.0048752156006899305,0.00015888851937173598
2014-09-24,0.006711446885168115,0.016497027106713302,0.0016139725060089205,-0.004644969889963546,0.010489541304291139,0.007758169977605034,0.015555548289465593,0.011142135440155077,-0.011977158804600485,0.0006176793423076088,-0.02126099706744866,-0.019933567238062277,0.0,-0.03601294398927024,0.02671228626428146,0.0,0.010555145733333493,-0.0025170074641619467,-0.035796130855711095,0.006153889191456319,0.011058479068731808,0.038118462778780726,0.0033898542521617614,-0.0056337884334871635,0.017681664646900686,-0.0060606621075806055,-0.0011787779820254807,0.0,-0.009941229987838085,0.004078386248494326,0.0040295140738051405,0.017981407775986114,0.005999928268135779,0.007825145025404545,0.0025105018299853565,0.007142805108824035,0.051706547367123434,-0.0017135569520349003,-0.007873996038722075,-0.010248880520723591,-0.017326706964282845,0.020191342947776025,0.012972961938493288,-0.01666669089912476,-0.005780346820809301,-0.008333346869444536,0.0015740129845813744,0.004967729043160007,-0.014184548639473493,0.0031986600511191288,-0.003644818066244282,0.006578941176802688,0.04431599045180734,0.0,0.0074524033141269985,-0.016260162601625994,-0.0031055634280202637,0.0010085959576713321,0.013524585144262913,-0.0004748446882920643,0.01650255888518215,0.010066398506151542,-0.010178107168846151,0.003266793287849623,-0.0005333344851782273,0.012302421186143553,0.028759275207524082,0.005005217452821897,0.00015888851937173598
2014-09-25,-0.008484811493844724,0.0006906565168840473,-0.006446178810282199,-0.026000022888183594,-0.0247538198240006,-0.02389171428316783,0.0,-0.00826443172414737,-0.0065003243192095495,-0.004938266662867674,-0.0337078651685393,-0.008813567080740214,0.0,0.0040027216137890065,-0.02268179838421225,0.0046201573382789185,0.01313022705731326,-0.023971691765952596,-0.01663201232215894,-0.019368045456723992,-0.014062523632309976,-0.024218746758647214,-0.016328853319414804,-0.002832989049050383,0.003861000306814244,-0.001742117150421052,0.00708092093383228,-0.005084781241258773,-0.006389840238864464,0.0016246891844839961,0.0013378232788523459,-0.0022791458642484885,-0.02882702078187327,-0.03132538620831482,-0.005008429987322205,0.009456258198672574,-0.03078000421438476,-0.006462029567679273,-0.0031745749816607383,-0.007396515187458208,-0.007556644778637933,-0.023177165858858206,-0.004268827894437499,-0.00564969506377111,-0.005813953488372103,-0.008403375109102718,-0.014143554510504752,-0.01927826982072811,-0.014388414591563037,-0.002898566661819313,0.012304650581592247,-0.01960782480441492,0.00784147417244041,0.0,-0.02739727930422875,-0.008264462809917328,0.0006230599777079515,0.00856423541697482,-0.01010918034810504,0.0004750702728877343,-0.031160000854752012,-0.01711169226184661,-0.028277668521326182,-0.010492004869121607,-0.01227323890064913,-0.0034723217702633535,-0.005591105905681348,-0.015169646628185318,0.00015888851937173598
2014-09-26,0.003056187970366553,0.009316786129349941,0.03000802269791203,0.020876133630597815,0.040120112672702435,0.04405768644958896,-0.02469518642797719,-0.020000062062737856,0.03183022989211959,0.0006202432389996737,0.037984496124030986,0.022571814383665734,0.0,-0.006644563433792605,0.030034166929334027,0.027082193022239354,0.01620044197455961,0.0429162270020107,-0.01842333178739075,-0.042619527265023605,0.030110944365042913,0.015212165155525925,0.010875817764135931,0.04119325073145075,0.014423132471786282,0.02486909655003733,0.008203284969092062,0.023850144131547957,0.03077636420038199,-0.014598582115988967,-0.020708110493456,0.023415182298846426,0.03684764047671041,0.04201222692862938,0.005033640623968605,-0.007494121663109143,0.028308752558499517,0.008638196076141913,-0.0015923931211533349,-0.0059612192705257305,0.04822326645904407,0.034390855058684444,-0.046087900703307705,0.005681795475623197,0.023391812865497075,0.033898361080151096,0.053134963667136326,0.05544356718798937,0.0218978119259019,0.011627876022310524,0.0009855052158527222,-0.002499977747599247,0.0013730030091678724,0.0,0.027605642805391017,0.008333333333333304,0.006849330319865565,0.024475512483224993,0.020016322632622208,-0.06600187202740926,0.024864799796525006,0.021427273083681087,-0.05820106621041676,-0.013894005953019817,-0.00027012484811239634,0.006968755205334576,0.01606424195414835,0.022336585540188025,0.00015847668088708744
2014-09-29,-0.015234613182487311,0.0,-0.0811022891226042,-0.08548438630849775,-0.0697980017822164,-0.07033088345962935,0.01923071985414171,-0.004535200844860143,-0.0051413982383494705,0.004339839170179216,-0.04032860343539957,-0.06421405019363413,-0.009090920499194577,-0.007357806596845151,-0.025844952907828178,-0.04875621301252464,-0.03159442800967904,-0.02578091658033055,0.01323072597447661,-0.046688415135153094,-0.04230770697960484,-0.06151424146518014,-0.015288827362676116,-0.06139155048806855,-0.03696685651866216,0.013197082544187166,-0.017047628965404238,-0.08319467237242106,-0.05213908281706803,-0.01975311108359501,-0.024556593480510536,-0.0239955526420238,-0.0661402702550864,-0.07002648645667531,-0.008347237368723115,-0.04011318610538006,-0.014114108060294783,-0.012493720162484179,-0.020201976159256785,-0.014992493184478706,-0.05690076575338032,-0.03943295900468646,-0.015730381180520836,-0.01694908519131344,-0.04571428571428571,-0.07377053704380443,-0.10443994584746519,-0.1117478554397372,-0.047618968615622315,-0.04741377406408731,-0.04003936136683095,0.010860493863062093,-0.010511923501020481,0.0,-0.0408443652817726,-0.06611570247933884,-0.0204082083990349,-0.02389077355680158,-0.006808177170364527,-0.02186071700599601,-0.010284742681757941,-0.02603488309429569,-0.07162917980926786,-0.015943582082860175,-0.028100574867201633,-0.0034602209719591936,-0.02371535542349701,-0.045217786478361166,0.00015847668088708744
2014-09-30,-0.007425676548133309,0.011623871632111316,-0.04113112635369198,-0.07258069647169174,-0.01269396742009532,-0.023816144092917213,0.012578664637599601,0.020501087158336873,0.003273049223106339,0.0,0.011673151750972721,0.050750539654242255,0.0,0.01010775527679364,0.04625852476182968,-0.0005229812590995531,-0.002095189950112153,0.0010179063043458392,-0.05860917697636858,-0.009111608899671664,-0.008032082676900254,0.013445434608545082,-0.010638281099349611,-0.04651158114679099,-0.00590545933498865,0.01470589885249729,-0.022467686734801928,-0.010889367899150737,-0.012693918569189888,-0.010915156566502993,-0.010489550363906752,0.005145806390261409,-0.02008458636040611,-0.034512339194999964,-0.0033670883996912426,0.01671583694316059,0.007512429781683094,-0.003979101949921127,-0.02875749744272471,0.01369866413316978,0.05391533416470162,-0.007781081619679275,0.0159817806826017,0.028735610033252534,0.041916167664670656,-0.02654863787297268,-0.028169014084507005,-0.027419366581837523,-0.0049999732689208765,-0.027149372605537847,-0.028717953934628726,0.0008263863547337547,-0.03279435591796098,0.0,0.012289332839169553,-0.04424778761061943,-0.0006312575458040648,-0.01198800028124336,0.01612908313136696,0.017151763390425234,-0.007993664054789074,-0.0036538434898691907,-0.03630866007679168,0.011680461765207317,0.06477622973539399,-0.007986228147321639,0.02995950397817304,-0.009318077803203706,0.00015847668088708744
2014-10-01,-0.027431453176020693,0.013180140806040797,-0.026809625769762868,0.015810337468032953,-0.03314285251178417,-0.0364523912572583,-0.015217443070087211,-0.007254391811042038,0.00875690592718481,0.016049278351146556,-0.0346153846153846,-0.07346938351831478,0.0,-0.01801198975293994,-0.02145643181082968,-0.04290954225436505,0.012297745924696457,-0.04422986134000717,-0.007741906188984293,-0.02183903270675469,-0.02105264946161034,-0.0356550556531533,-0.02731766971993954,-0.03963426361852895,-0.030693109693881837,0.010351967037224075,-0.03225808935491137,-0.05137609959089995,-0.04761901224608445,-0.005942354620913859,-0.0056537050079698,-0.03242319097257751,-0.030204955382897802,-0.026292449317312228,0.00844593846271069,-0.013539678986961401,-0.01885200766590167,-0.006351224583437176,-0.021229003847196837,-0.06906911815384997,-0.042631034762100284,-0.021092449674208535,-0.011235944461136071,-0.0335196010595622,-0.04022988505747127,-0.04545453813223144,-0.04927538443302759,-0.05527915929049587,-0.007537768684995116,-0.04496118685225858,0.011615625676820063,-0.021469800378083437,-0.0019104637380151779,0.0,-0.013834040721470542,-0.06481481481481477,0.010107316306684488,-0.006572349019330681,-0.03968262306438797,-0.031170190079915616,-0.008863785045069905,-0.030109907021665716,0.02197807626969306,-0.000744895995512751,-0.0261096073970859,0.00035001889824326504,-0.029088040706897522,-0.023246359671816097,0.00015847668088708744
2014-10-02,0.02371794080201317,-0.01634419081096261,0.013774091112937814,-0.009727626170366155,0.019208071179221964,0.030980052649109524,-0.003468896442093916,0.01967401767712529,0.008851076287847981,0.013365810020649516,-0.019920318725099584,0.04258442941112017,-0.07339447323193338,-0.008152150932075664,-0.007309010561958762,0.01421545083069442,0.0029628739806950577,-0.01382981662299465,0.023081875950800912,0.025851857513216503,0.0016542186796477676,-0.006018910384272602,0.006274319568524422,-0.014285566096316704,-0.011235920031242297,-0.02459017995287438,0.0020835587728873506,0.005802656195064593,0.004999957101440522,0.021349297872633066,0.02914000400177197,-0.012345737154354719,0.02558404127111724,0.03337379741440416,0.0217756131161857,-0.011274491518221241,-0.00917701411636429,-0.0052576755349729165,-0.030821969259027693,0.020967742808765122,0.0,-0.009116072488941307,0.011363625526428223,-0.06936417004756745,-0.06586826347305386,-0.028571474378230488,0.011585398687627757,0.01228783397294797,0.01265828251830059,0.0,0.022964504268206953,0.020675095162207446,-0.014353946927583738,0.0,0.0005724942895735108,0.0,-0.01813629177351661,-0.015776054552695706,0.023553779661858343,0.00843891152356524,-0.014905142509341163,-0.009154286156814573,-0.010752714162868826,0.02907196007691093,-0.005361941937208403,0.0006999663724633898,0.0161943160394733,0.012505202618335876,0.00015847668088708744
2014-10-03,0.014402034568872013,0.01729400586097385,0.00905783263650961,0.022003907628869612,0.01768631819434785,0.02080324318784421,0.0031645689956498746,-0.003858906596373002,0.008098507032787694,-0.002398136378626514,0.009756097560975618,-0.029577470558830976,0.0,-0.006849295601585648,0.030789829388681245,0.019946094869114805,0.03988183514833654,0.018069098884491153,-0.010486160925437749,0.012600299670048276,0.03550787096337249,0.04930794308719477,0.014251739436244915,0.022544148586377988,0.007231373204274583,-0.0046217943919780735,0.017879323868744912,0.023076993614966845,0.01990052164469458,0.0008362177638454593,-0.0020718048287008406,0.033333416590618725,0.021691891514076023,0.023487868275993584,-0.0040983997727879196,0.025285086102936116,0.01910277189235865,0.02974396380208555,-0.004711420839974778,0.011058428957313904,0.03816805813225099,0.020351256313738908,0.011235944461136071,0.05590070441387662,0.044871794871794934,0.00980393774894317,0.05485231097301457,0.06069371044594263,0.037499859586747064,0.019480520859570305,0.011224487346525702,0.008267831797243552,0.02572807543620126,0.0,0.004291885188716149,0.01980198019801982,-0.0025477361231993623,0.014477801677164948,0.017763390054159833,-0.01516741123422305,0.02338382317252008,0.016469144414839487,0.062111815498969714,-0.014849686285714592,0.009164440491054249,0.005943991921164793,0.02191231986859199,0.019077337020497298,0.00015847668088708744
2014-10-06,0.02592592941444627,0.01833333969116202,0.0816875440253122,0.11918494249098255,0.0772079262384644,0.07557311518081256,0.011040961063012888,0.0011068485509935222,0.017238475640195317,0.013221227690668469,0.068438003220612,0.008708264723108927,0.0,0.03448279304454216,0.035064933456444125,0.06131074008087389,0.06022743394525221,0.07689996046587289,0.0038535499711878085,0.010181012560451563,0.051036710149094944,0.04451769045958409,0.044496543837821756,0.09291342190851681,0.06461539635291458,-0.015196310773991417,0.014297370723791447,0.07518789579387519,0.05951212954414009,0.00167083740234375,0.015224932175275763,0.033410132679385196,0.06581749521746683,0.05364329714401639,0.012345710990452563,0.0217600899838013,0.032377293434504795,0.0027173959991058094,0.028994069951391976,0.09375001170791464,0.04411766407378992,0.03633884935801568,0.03111108210057334,-0.017647083726781143,-0.024539877300613466,0.0970873652785369,0.09714290073939735,0.11117160576403862,0.04819275155226288,0.050955382831721296,0.009081751157785645,0.03895042175944674,0.012778091682464687,0.0,0.06096869276262229,0.058252427184465994,0.0025542436620447084,0.035677819859775806,0.009916701268722683,0.0,-0.005376383538944429,0.05730091514200253,0.0014619520207019843,0.005147036239763203,0.010950764538353752,-0.012860668577913681,0.01364523924658756,0.04723138980564734,0.00015847668088708744
2014-10-07,-0.010830342724825304,0.0049099086823289895,0.024066549542776317,0.03881824586306504,-0.005289605069121905,-0.006578925887063991,-0.0012480785173026865,0.0,-0.004113192168504254,-0.006524353877189415,-0.012057272042200418,0.014388544491240829,0.07920789495820091,0.07999996139938803,0.003764141856724912,0.004980183864079724,0.018220819852222014,0.0019374396001885508,0.03518880859161122,0.007838711358570505,0.012898336294209889,-0.02683506037172223,-0.015975380876678713,0.03170034721303372,0.026974925807722094,-0.028289749231480754,0.014498542560772876,0.019230793277829505,0.0018416648252612688,-0.01501255347201813,-0.013633252094410464,0.007803756158349051,0.0029879304248960903,0.001633416201601845,-0.0048781294920096085,0.005679087907888514,0.012104487009784615,-0.024590956697613797,-0.0005750563101105666,0.024285683946445813,0.01056336879286568,0.02161876320133649,0.0183190054722,0.0419161952301883,0.04402515723270439,0.026548716280054396,0.03906249844779586,0.04021577829180889,0.009195354554073498,0.009090959545785093,-0.009999974568684844,0.019731649447087163,-0.0004672915605035133,0.0,0.006981792806477927,0.02752293577981657,-0.031210162953371978,-0.012303149791073942,0.0011782970554863326,0.016994142120062117,0.027026993443367786,-0.02130433575018542,-0.013138638978646866,0.0021945671399969946,-0.011360547052285064,0.007394482556908555,0.01153843219463635,0.005602633237621779,0.00015888851937173598
2014-10-08,-0.01824824420094684,-0.026710027476073428,-0.000810314057557826,0.00628308649125997,-0.024195656193654713,-0.008476759818156765,-0.01249602412233064,-0.003316760016179532,0.008590793757458526,-0.007761143926364289,-0.0030511060259343914,-0.021276608696346178,0.0,0.03271604519083415,0.011250019073486328,-0.010901930021245176,-0.0007897009391309995,-0.016574648513063672,-0.001854178741536483,0.0033333036634657365,0.0,-0.009732361812154089,0.01139282290116772,-0.020949700944123295,-0.015009366763823362,0.013674436034367243,-0.002381889829066952,-0.003430528505701913,-0.016084570766167205,0.002540210589420333,-0.006219775461439592,0.006637214587376983,-0.011916523752950825,-0.013046951595166778,-0.0032678853493249838,0.004705879095447063,-0.0029899301814051427,-0.00010292381353216307,-0.00690442679396952,-0.020920421495781882,-0.0034842761946964895,0.00025802120085693936,-0.002116400119402062,-0.08045982089937243,-0.08433734939759041,-0.034482737550535436,-0.018546407272361565,-0.016973065466394877,0.009111789366798684,0.0030029213047026992,-0.02693606477638366,-0.0038699837801553505,0.009817710503836174,0.0,0.0,-0.017857142857142905,0.005917160922651821,0.008968625207413483,-0.0019614909471464825,0.007310772834773216,0.0,0.006492190351998106,-0.03846157101755632,-0.0010948459749826611,0.034206266909511784,-0.0038448241688231466,0.0022814211038630905,-0.00658123824778889,0.00015888851937173598
2014-10-09,-0.00247825338855745,-0.0033467648849074827,0.029197051498991433,0.03844890123431721,0.016348703944999654,0.01950305389054585,-0.0009490884551164314,-0.008874088478589726,0.012448845307369227,-0.016245514087237845,0.006120887528691554,0.04782607523840654,0.0,-0.024506890428709127,-0.0018541833176548561,-0.012525008167582619,-0.036080980085981706,-0.005337040304850049,-0.004953571577781202,-0.03654484313007533,0.011235926160607423,-0.006551954997656817,-0.0014080862501841818,0.009985675158931784,-0.014285677955264142,-0.01566574021645506,-0.004377255747599951,-0.013769350171074612,0.028958426471071386,-0.02871620987315393,-0.026425598846783638,0.010988947648731706,0.006030161092610342,0.012668724669341325,-0.018852484178171647,-0.001873461518251629,0.015539719865083734,-0.0017495316131117544,0.008111204391189508,-0.008547029566344566,-0.0046620062294981945,0.03199178875551989,-0.01060444384322623,-0.10624998530433927,-0.13157894736842102,0.008928506447706486,0.019407515947256204,0.01678658873218941,0.0,0.01946108854524531,0.007612499086749658,0.005438981775187424,0.009259180604014539,0.0,0.01999992901143699,-0.027272727272727226,-0.035947791559164055,-0.0079012270326968,0.0043238714792412924,0.020217696793083606,0.003157978633546943,-0.006070962011503256,-0.0030769201425405734,-0.017172130299294874,-0.025581341557440296,-0.0038596638978611875,0.028072828299843255,0.0036804654912545587,0.00015888851937173598
2014-10-10,-0.024844755448886202,-0.0006715430233308339,-0.05516171712328988,-0.04746835385735004,-0.03941014972167334,-0.0500523870102656,-0.03578211410692089,-0.027420362946054988,-0.021355782402194268,-0.027522981800628066,-0.0524714828897338,-0.0207469011025887,0.009174323545177776,-0.00428911481601324,-0.035294099584387006,-0.030441419936264813,-0.027322430720432944,-0.010166636879493596,0.003422551194617318,-0.03103442643778187,-0.022962994045681473,-0.020610013871405264,-0.04963342303053542,-0.05084746562081954,-0.04927538261688591,-0.0335985941947291,-0.022781700682310002,-0.010471194167507636,-0.017249176566418,-0.05043480187111504,-0.04642854418073383,-0.02880428208069763,-0.038961064458354344,-0.04133810787626635,-0.030075160294373182,-0.01689353796448856,-0.02899318426955444,-0.0010309121448836,-0.0022987936238868523,-0.06321831794297972,-0.04566753950658031,-0.019750022888183616,0.003215374791808001,-0.027972030371691936,0.0,-0.00884949368626975,-0.05811622748592704,-0.05424535304212197,-0.03386019060066159,-0.05139500550855969,-0.028159394867463883,-0.04598140128663497,-0.026605383019948414,0.0,-0.03215687678139423,-0.06542056074766356,-0.016949142269230166,-0.03185661447424115,-0.019960882717626638,-0.018292713656964943,-0.003148037199333875,-0.029394896163968065,-0.04938274239498086,-0.018587360858383528,0.013258997911887782,-0.014089522267200838,-0.019188208503466808,-0.03415520011175521,0.00015888851937173598
2014-10-13,0.023566871977968473,0.0020160790257601757,0.08006677948500629,0.11229232949935142,0.06558751944439378,0.08027581013690832,0.022988467587915062,0.05983901061458674,0.0160357016131234,0.023270493591848185,0.05617977528089879,0.014830511328384866,0.0,0.04492303394620811,-0.005134783318216152,0.055468293613576636,0.028089915490361106,0.06134098638169383,0.00031003876296153976,0.02372476892347719,0.010614127958803676,0.023568917115450505,0.02908013439733592,0.06398818470862166,0.07215447430254818,-0.03476670666339987,0.023312806051847934,0.05114637706364533,0.036027765627171915,0.02747253472786948,0.020224681376348475,0.02630102357480668,0.0654885511543839,0.07801421121286833,0.013781210008671607,0.02338907058970663,0.027647191063481458,0.009597565963262555,0.1347926307786289,0.026073584209834966,0.04294488437893462,0.02269827621599929,-0.011752182253530141,0.02158276513667201,0.015151515151515138,0.08928569733418423,0.10372344904649822,0.10374064852139098,0.04205608211178191,0.08173375578536768,-0.022261455044195855,0.004455192410838471,0.013195032994301359,0.0,0.03862780498620455,0.050000000000000044,0.020689683520261237,0.042673516254434274,-0.017571852611203087,0.0015528305962420053,0.013684221192500345,0.022615475209927016,0.01785716497389478,0.04128788516431703,0.033760870928150055,-0.009646251263363048,-0.002633547593120511,0.047819641307492056,0.00015847668088708744
2014-10-14,0.0037336320523830846,-0.015425922576801199,0.0,-0.005973738520729244,0.0002618851606990269,0.01378957038554951,0.0019261466027977736,0.039087958491864194,-0.002115216163485645,0.012907134515318885,-0.00911854103343468,0.04244952411518499,0.0,-0.002355819440068352,-0.006451637514175879,-0.005453617889635276,-0.0251365737092083,0.008870914236275507,0.03161811889862354,0.038238692853995726,-0.0135033988151545,0.009046100627437603,-0.005190279066614623,-0.011188849165528092,-0.006635132439145375,0.031279613055918754,-0.008793000708088083,-0.03187920402757782,-0.028087459994322606,0.022281663505338,0.024963300693444435,-0.003816777221473555,0.013658613668008579,0.009210501922299219,0.0,-0.008861997685430167,0.0010761923144022578,-0.0025555312758378523,-0.019289393573532765,0.022421435944488977,-0.01764714194730821,0.012718258245311587,-0.008648641292328785,0.04929569109494181,0.052238805970149294,0.008196734407416972,-0.015903610781014654,-0.023949335716039633,-0.002242033121492404,-0.0042930977109375545,0.04228406480187674,-0.02096768412952066,0.011627952571562128,0.0,-0.0005201663147514912,-0.02857142857142858,0.007432449121390183,0.002465445530949628,0.002032536896957149,0.0025839398488296528,-0.012980291447094672,-0.009615352463938076,0.014354091365498034,0.02982901788474135,0.01594929359813868,-0.007936538463086618,0.01207090501929109,0.0010007419293613928,0.00015888851937173598
2014-10-15,-0.022318581632574608,-0.017370581334376967,-0.030888005297864063,-0.03846150319251662,-0.04713268569209128,-0.05465994590206524,-0.021467420333204812,-0.007837069203305513,-0.006522062716192711,-0.0036407443937489514,-0.020705521472392685,-0.002002652462478882,0.0,-0.0182997454045557,-0.033116836872765565,-0.04336990993359602,-0.019058324288750983,-0.027444679264553185,-0.03545675671282611,-0.0033481844691370943,-0.04562733423580656,-0.03585977317693467,-0.02028983544211682,-0.03677508050612799,-0.03339689342397856,-0.024356648946264436,-0.012096735382950974,-0.032928952833367275,-0.03165137458762912,-0.01133387181429324,-0.00859598031741915,-0.010946948983488691,-0.0375361156077747,-0.04485005529823416,-0.006797024143914587,-0.032941153668129664,-0.016527971438799915,-0.0008197807584907624,-0.033126262927420824,-0.035087667637837994,-0.02754487474682743,-0.005171117491171051,-0.015267162473359241,-0.04697978988506257,-0.04255319148936165,0.0,-0.06856021612632435,-0.06712966376534812,-0.015730361831583273,-0.039091666885236576,-0.023231625268692158,-0.015650784899863823,0.016092016396744846,0.0,-0.03356756985430154,-0.009803921568627416,-0.017437957569917284,-0.028529263447253594,-0.007707957194433734,-0.001030951451389095,-0.0084165946023812,-0.029126195641950958,-0.036163524252379675,-0.00035324016497650934,-0.046349361732999084,-0.01381823539292848,-0.02907196007691104,-0.0324054123933466,0.00015847668088708744
2014-10-16,-0.013950555525856112,-0.0013863814304223565,-0.0597609620789038,-0.026250004768371582,-0.034624956002992646,-0.03543833646479577,-0.026195190583718664,-0.04897313773637113,-0.033809318979442615,-0.00974420503463369,-0.04776820673453408,-0.030769233713427324,0.0,-0.04089007019601121,-0.005372728130387805,-0.03178738011549198,-0.027714338726218646,-0.03561641745371358,0.012461133138824243,-0.026875780133330696,-0.03187255506975162,-0.02366869555969442,-0.01627220854881528,-0.038179260838683726,-0.021717696401126863,0.019783329503063385,-0.016734672005767837,-0.053763390322495774,-0.021790619450476223,-0.019400490654839397,-0.020231194355791682,-0.017708893205785503,-0.03599989715157348,-0.026480980475650284,-0.01625314914467646,-0.012165393693888693,-0.03292795900266088,-0.0028718214768629347,-0.04282661302674173,-0.050000050862016754,0.0,-0.04950494862528321,-0.017718699954866857,-0.0633803141378867,-0.07407407407407407,0.008130022152160299,-0.07255525945857377,-0.07444168875420598,-0.03881291013441379,-0.036793327789463426,0.015264476535718607,-0.004184116446269481,0.018099504358628282,0.0,-0.022347760680143325,-0.00990099009900991,-0.016382301342915295,-0.029873425447488167,0.00040885048970618065,0.005159978627458983,0.006631310652231548,-0.009599970722759532,-0.04078303349637069,-0.03250883749456612,-0.03318522515064959,0.006637285664221837,-0.0019193565652552147,-0.03272468157121222,0.00015888851937173598
2014-10-17,0.03344048216791573,0.0163137889685272,0.03305088002529333,0.026636711417538317,0.04269854081908808,0.038674081047601394,0.02219232859756315,0.020487349475221572,0.023441485970744358,0.028905246416888408,0.028782894736842035,-0.026224991058891756,0.0,0.03260191016172698,0.01958136081271844,0.03875130730945475,0.02380244396202258,0.006534077762818891,-0.016923109000467784,-0.024165713266663946,0.02469137449826131,0.024242483521782487,0.03157895265193522,0.06717555428447741,0.049444982710683094,0.022170879939669597,0.023661192867278746,0.0,0.007263954984870091,0.0008993853317740275,0.006637108859036234,0.011267648616307246,0.032157543293656055,0.029164254617172647,0.009565254276327595,0.038423654267784935,0.01723648023772051,0.011520252641105122,0.010067131634477366,0.028708282914285066,-0.003694598861557652,0.0026041268267580353,0.014656190440709871,-0.01503759537200311,0.0,0.008064529382154406,0.030612297857800952,0.023592522415949002,0.0023753988581192154,0.018944144265296226,0.022377600738183956,0.008403393670198822,0.0,0.0,0.01900301071927779,-0.010000000000000009,0.03400420352888789,0.025052168374686046,0.00531263829232298,0.036961049159268455,0.027667999153774492,0.0460419659553295,0.0,-0.027757426765089965,0.03243238821863281,-0.006959824335007414,0.02269231356107282,0.026262477439316312,0.00015888851937173598
2014-10-20,-0.009956431266370358,-0.02561475349766884,-0.04347833995409456,-0.06470771208610937,-0.019110015920729695,-0.023670196159755408,-0.02138156666732549,-0.01247978527122895,-0.008464766665857382,0.0251046077576762,-0.02877697841726623,0.0035435997130730534,-0.045454545454545414,-0.044323032063001255,-0.02980137427623386,-0.013471428816352549,-0.019804640324504685,-0.02116850108777546,0.02597812099510799,-0.007075409101562236,-0.004016079638624048,0.010143621727908947,-0.002915449057909525,-0.02718165639632575,-0.024038462420187034,-0.0031631133067695494,-0.010543291895627194,0.003787875024959364,0.028365360487588642,-0.011680207582877133,-0.017582401305884066,-0.0155989233840933,-0.020100427245797414,-0.0245231412547795,-0.004306673306079922,-0.0018975503318363618,-0.015972133308964298,-0.005694465779441105,-0.003322229663158649,-0.05271332849266663,-0.012360912022804316,-0.030649358575994268,-0.007777828805241693,-0.06870226529458423,-0.05600000000000005,-0.07199997561727978,-0.052805334197270626,-0.061288636298692634,-0.042654032753610904,-0.01859193594851638,0.034541731764289096,-0.006249984105428097,0.006666692380552952,0.0,-0.013513522773213493,-0.010101010101010055,0.005369121342142291,0.0005091766391349672,-0.03577237217414675,-0.0024753040851818175,-0.02871799821548171,-0.02528955992262416,0.0,-0.004883586176437471,-0.031413571085843084,-0.0040575592998348675,-0.037608123138828775,-0.025500681932380975,0.00015888851937173598
2014-10-21,-0.015084838052792482,-0.008762772566831889,-0.08319032817054794,-0.0608288666505129,-0.05566378123337712,-0.04331255332462691,-0.013445365328748737,0.001098942568997563,-0.03531969691877623,0.002332414951433881,-0.037860082304526754,-0.06779661359406175,-0.028571464426040305,-0.037484103149720616,-0.016382237362968732,-0.03256308899139315,-0.057101261592038766,-0.07410610358156955,-0.013727941182341885,-0.008313502872915546,-0.03145156464889176,-0.07949788766507093,-0.02982456018047308,-0.07058820228246299,-0.08177339457144128,0.019492308050126805,-0.02745908900277605,-0.06226422427684053,-0.029920511221376844,0.0,-0.0037285750412974217,-0.04357670936270697,-0.06153847833552517,-0.05027928860623965,-0.03287194248782621,-0.044201477804179934,-0.03895551814384968,-0.008283916463515895,-0.05555555555555558,-0.014729831306887986,-0.05381730831531728,-0.035637674899066885,0.002239639684089134,-0.04918033116573006,-0.05932203389830504,-0.08620688206599314,-0.049941854662908236,-0.056919668159656545,-0.03712857802181069,-0.03105587097021889,-0.04132231404958675,-0.035639428422405195,0.00044139332283132937,0.0,-0.0479452387824002,-0.08163265306122447,0.02469961265755427,-0.01526713704246807,-0.030354075067597686,-0.0481389246510191,-0.025871151656045144,-0.02376713286862364,-0.022108862569857002,0.00868250450070196,-0.003783792066087144,0.02259268180890217,-0.037905404750706806,-0.034454818334161974,0.00015888851937173598
2014-10-22,-0.00893429117046085,-0.01697311042982519,-0.010290115512807674,-0.023131658708407277,0.0,-0.006264222187447155,0.0006814465929716462,-0.0016464907866458045,0.020128407588745345,-0.010471221616262127,0.011120615911035081,-0.024242401473340114,0.0,-0.003300352526798722,-0.004857716555548008,-0.0010857113939890528,0.007763965609782986,-0.006228612866328587,-0.06279004893921558,-0.007185678667734119,-0.011656980903803738,0.015454467251392101,0.0036165898800297747,-0.03322780307744788,-0.027896918854182773,-0.009337442712753496,-0.008849428446121799,0.006036259773603003,-0.01686748225825796,-0.0063635034892051134,0.005239569633038732,-0.009467446806133317,-0.005464415344250129,-0.006470612546019661,0.024150198759634867,-0.022376957552225574,0.0060214304760053405,-0.0028875176907222633,-0.026470633114085484,-0.024917003730102305,0.005291007493553046,-0.008057818894208424,-0.01675970319735054,0.008620655011005951,0.0,-0.018867954492701067,-0.018948738491786243,-0.017159705013291116,0.010282721091444014,-0.003205146012032478,0.0003448354786839136,0.009565187537151854,-0.026919678879215536,0.0,0.012949667975237222,-0.022222222222222254,-0.007817612890353987,0.0,-0.03695655984387536,0.011991633919539613,-0.036314367026713645,0.01176712381462397,0.026086973107379396,0.0014970402902425572,-0.001627784368759988,-0.003984079130171625,0.005280225683804263,-0.00040051876716507007,0.00015888851937173598
2014-10-23,-0.021893120311267555,-0.028417265594736674,-0.04158766796091029,-0.09107467870730546,-0.04185093396530737,-0.05329509801987464,-0.02451485189409064,0.0005496595761378398,-0.02160231685497549,0.03350968178450686,-0.024534686971235176,-0.045031049577069826,0.0,-0.05099332995428829,-0.03974893227050302,-0.0630434320154446,-0.03821259702303814,-0.03791911909303214,0.0003301837578193467,0.03739450193524574,-0.03622580533458264,-0.047448454185277544,-0.054054003742527446,-0.06710321264456254,-0.05298018473281174,0.014362642951623705,-0.022108837151241567,-0.05799999237060549,-0.03676474242957006,0.04757540720456643,0.034996225068837816,-0.05137393479305896,-0.043956233812955436,-0.04529302376755606,0.0069869851014070505,-0.036113938754507635,-0.03211675367772793,-0.017892208702646628,-0.04531716500905958,-0.08347536882729734,-0.060526375360396845,-0.04481799032562872,-0.0022727251052856445,-0.059829031151594214,-0.05405405405405406,-0.0769231162426035,-0.062305239492885245,-0.06622518609567007,-0.040712496196340875,-0.04501601258502008,-0.0003447166081673725,-0.03531437205308674,-0.03854867965180542,0.0,-0.06534093697018883,-0.03409090909090906,0.02363756327669919,-0.057881179181058395,-0.04514673258563873,-0.03915508680352542,0.012373512582964707,-0.03749751270915347,0.027118617767097675,0.01831090309892125,-0.01875004126482449,0.006909117696464184,-0.05454546995837284,-0.03239777909217534,0.00015888851937173598
2014-10-24,0.03357473620608009,-0.0003702064226523971,0.051281930101318096,0.03206409669729782,0.011688709847020196,0.026331756435652665,0.0031413666243012006,0.011538555970368014,-0.0055633117938350685,0.00341293891938399,0.0711188204683435,0.055284499264779186,0.0,0.057920381857846426,0.030501024593853954,0.049303798772004415,0.020185769661269504,0.024429966819589977,-0.03563185954627579,0.060465055932996226,0.03758744064231645,0.007518828379359466,0.04031741307826531,0.06666675593327231,0.08508164363658022,-0.0004424879961522077,0.0,0.042462804170978696,0.042239190531342174,0.015720464624546793,0.007913713192115424,0.027707781940327303,0.02988517366262311,0.027906952030147814,-0.009540365952708685,0.007915509389110564,0.046757059225360775,-0.014532465891430646,0.014556993236336524,0.03345742369931082,0.022409121208599503,-0.014662757254357506,0.01936210854045428,0.0363636390672577,0.02857142857142847,0.0937500634505235,0.04318934287658216,0.07156676943721663,0.018567668504198442,0.020202021314341012,0.01724137931034475,0.023214306545501273,0.023584762770489043,0.0,0.039513687473450076,0.05882352941176472,0.0006414440525959186,0.003839807821280461,0.036879410967274096,0.01823057155722796,0.008611006724951853,0.03645829694765679,0.026402615333808388,0.0073394775390625,0.0008307966570291203,0.0028890512274459823,0.012820561935890318,0.02421469840080448,0.00015888851937173598
2014-10-27,-0.006369390382820028,0.05185180240207243,-0.013133330993878811,-0.051650482474021486,-0.031620475485910515,-0.010911248212386648,0.029923473110664567,-0.057577379810606955,0.004021026703459496,0.006802768899403677,-0.09230769230769231,-0.013867438971454149,0.0,-0.08707118719936369,0.08668079861052536,-0.05749023526813701,-0.047110271884088784,-0.02003182997876507,-0.042422140921921536,-0.07565784967562006,-0.03538332606093053,-0.0018656568538862883,-0.04119621376448612,-0.10197382047789705,-0.0977444425425591,0.0429393230102908,0.019565047954444248,0.010183338551673637,-0.05273437078490073,-0.03525362653512587,-0.03854389386374235,0.00428919706698383,-0.01562499571608078,-0.022021162261002147,0.011383573126342084,-0.0549738338171164,-0.030259284612593085,0.0026715314452661065,-0.03306304828090545,-0.07374115441060092,0.03287665110750204,-0.02648807827577493,-0.031284888699006475,-0.026315827232014977,-0.0092592592592593,-0.028571474378230488,-0.1038216646014859,-0.12635380718588396,-0.01041661126370863,-0.009570966607181375,-0.008474576271186418,0.02661433718678219,0.013825054347360366,0.0,0.03654964135521377,-0.033333333333333326,-0.032051261233914774,-0.0316939862233141,0.10351114025628849,-0.033701916659409914,-0.022307824955213773,-0.017688403305514466,0.001607753893755115,-0.036065633914422635,-0.0074709630621253575,0.03024858840902933,0.09746832875864775,-0.027666005660268334,0.00015888851937173598
2014-10-28,0.0012820194615579261,0.05633807782970046,0.03517134831785351,0.07084355187679736,0.04426996881396317,0.04800237454966716,0.03547294674083412,0.009798222167797244,0.029253018467903846,0.0078828484146507,0.0579839429081177,0.05937501699663672,0.0,0.041907534099242305,0.05382619452655257,0.04281517063042295,0.05207623519831284,0.048669695485165976,-0.011789905929501465,-0.009489907569390832,0.03930129404028504,0.020560674628073095,0.026416278085606537,0.03846175351635117,0.054761911790117246,-0.009762289789896128,0.04392337229023813,0.014112937726413533,0.07474233556740462,-0.004456311281643033,-0.0029695590987430798,0.026235529053610485,0.03854875536075064,0.04565080347260575,-0.0008658454531714765,0.10415509455447913,0.048885486199502504,0.015346889351804949,0.06451612903225801,0.0834951098304737,0.021220097705818564,0.01895453267916314,0.02306802981601841,0.10810812005617931,0.07476635514018692,0.09803929062668426,0.03127224901216419,0.0351239159179797,0.06842087458524149,0.03465504450998158,0.019829057220719815,0.056098582928362895,-0.011363679909509816,0.0,-0.016361038316914378,0.02298850574712641,-0.0033112955273532085,0.05417613030593027,0.07438019542768792,0.030517681433286814,-0.007042345865362787,0.05279318738338312,-0.04494385376422372,-0.012093715264412164,0.054084196198658896,0.018524975236968055,0.07612454920464451,0.036155552035482375,0.00015888851937173598
2014-10-29,0.0006402195233741192,-0.006666660308837891,-0.044995627022452855,-0.026386254077368054,-0.029164120106054514,-0.03954481334150706,0.011419262180287992,-0.06164379598691627,0.006597860730827021,-0.016759734271166393,-0.009274873524451888,0.0022123696196787446,0.0,-0.01872404095412572,0.008615347055288547,0.01856020480476417,0.00877189181241289,-0.024443038850189835,-0.0007230805481448499,-0.0419162114347259,0.004201696835099522,-0.029304063960318927,0.035658918740292256,0.014109227108271893,-0.021444648729767146,-0.006858116070953324,0.011029375199039126,0.0019880221923607166,0.0019184487810961492,-0.019695539092284386,-0.015636636885707378,-0.014863258295832682,-0.030567677001367533,-0.028908501886037885,0.0008665957911970779,0.003512398890108681,-0.005524761638734832,-0.01070641831934016,-0.029696955825343263,-0.04838704964472451,-0.019480477016854514,-0.007500749662937789,0.004509697132047297,-0.056910541536044135,-0.034782608695652195,-0.03571434221938563,-0.06753966095465491,-0.0671988884332374,-0.014778188975129058,-0.02286630372785592,-0.030506196773032124,-0.006036201860267432,0.0018389735857453626,0.0,-0.013765413848990993,-0.011235955056179803,-0.06910297792888809,0.011777264976464474,-0.02307688035168476,0.028556368053130665,0.03971644526027451,-0.03362492741126755,-0.08067227469924398,-0.05279262406230534,-0.0007933299407025807,-0.00034317221314250634,0.0007145572678535217,-0.024479266195299054,0.00015888851937173598
2014-10-30,0.005118357205393886,0.030201265282590928,0.00865383960703281,0.07030640140984978,0.0774233362246628,0.0678317870034788,0.03096771240234375,-0.04805351137068181,0.02991593883455579,-0.011363679466167786,0.04680851063829783,0.06254594689121817,0.0,-0.006360440126116251,0.028065955396668008,-0.0011044075699546685,0.045341594711781674,0.03552175118434975,0.023154794598382544,-0.02499997615814209,0.005857794946930728,0.0037736464353721466,0.004491049487917564,0.04347819594456359,0.02768163425677317,-0.015968961502592305,0.004040358643192521,0.013888923053809066,-0.0004787249599714771,-0.027397374521611506,-0.02420579743077833,-0.001207028251781983,0.0765765807303429,0.0808018916104265,0.02251080104282921,0.013499999215486946,0.03846144592975276,-0.016445615580138684,0.018113616741588512,0.041431306330918405,0.030463536223958254,0.03264806398358622,-0.0101011765985759,0.03448276105185921,0.03603603603603611,0.027777823353910325,0.018477457866519886,0.021397947736472522,0.04749980612458882,0.0036255322066331974,0.01313966665851063,0.0008096578865310899,0.02340532497514758,0.0,0.011922167800913153,0.022727272727272707,0.018558169241734257,0.005291025581380504,0.01574800165100143,-0.002056602260065876,-0.06848577749939178,0.02916326603000874,-0.027422234786780075,-0.04281096349530411,0.032556865383025047,-0.014418265991288481,0.004998193091911629,0.02523066073772262,0.00016229599331363254
2014-10-31,0.043921042565744584,0.02605870204419647,0.0390849497616268,0.017614662100415623,0.048577203957469894,0.03522881823243873,0.0344180951291948,0.01789138571159765,0.0523824978941021,0.04195399760002916,0.01788617886178856,0.02493079091502337,0.0,0.012091038699724832,0.04807118383410569,0.028192470616577925,0.028223631486874234,0.05941802560625642,-0.0021215813154400465,0.05769228182835984,0.02495833823922844,0.04135341996295083,0.00596124614390825,0.03666681772250735,0.05274975028931328,0.052193007626215815,0.017303927073048175,0.04892367778238449,0.015325664296093278,0.04131462581983025,0.038759691068654956,0.04592146609771208,0.03451884278736128,0.032321628215065346,0.03725652748698183,0.003946658141650294,0.017832677652755313,0.039482178913130994,-0.009202431015409296,0.0940324655187843,0.053984633201728194,0.05386417332572924,0.014739276222954567,0.14166664224489312,0.13043478260869557,0.09909909766090408,0.06313497114789102,0.06703911023782716,0.011933227327487472,0.029556707918293013,0.013651929566365295,0.019417534907683054,0.008520212529972815,0.0,0.02643666416414492,0.0888888888888888,-0.06447094893740513,0.02052628366570719,0.044961234163130914,-0.0520350456889106,0.05799651257519067,0.0562830530141889,0.0714285010041813,0.05485228671778786,0.019738571718602493,0.01811214163389896,0.019538229195823265,0.04379311003687647,0.0001618883171301544
2014-11-03,-0.012195052453833122,-0.029841377621605325,-0.027522912301172875,-0.012982283048891041,-0.02521936020507154,-0.012861740945874889,-0.007562008155328592,-0.007533045096780655,-0.006512625564017438,0.0066189103578713215,-0.02635782747603832,-0.02364867411885807,-0.009803872718267992,-0.0021082500405706917,-0.007361220945064306,-0.03010756817221316,0.02744864756774712,-0.019369817308094173,-0.043231705174215374,-0.01575758962920215,-0.029220752077492862,-0.026173295501831673,-0.015703695791739025,-0.0289389868957991,-0.031982962374701884,-0.010837858747912654,0.0007910736525640338,-0.0037313396321504433,-0.0174528347297338,0.0009016014830429686,-0.004477572212719494,0.005199315734524923,-0.005055633830396311,-0.00353939674430237,0.008979626580509992,-0.016707527528797117,-0.007412320059877464,0.02480277765076644,-0.00928790229556209,-0.03636351818599981,-0.007317107961563818,0.0,0.011173174535359376,0.036496383481408046,0.03076923076923066,0.02459013059930193,-0.027303728938281147,-0.028141319307330326,0.00471695653957771,-0.010207372096441736,0.015824892299025395,0.022619034824097772,0.013339203116321086,0.0,-0.008958566430634862,-0.020408163265306145,-0.0794006797827832,-0.010314536456230705,-0.020771549116113897,0.007065275587522901,-0.011627897726242176,-0.024976926193691296,-0.017543843505051004,-0.004000015258789014,-0.00100553257222602,0.015737403816561635,-0.007665547555915531,-0.012484211682439739,0.0001618883171301544
2014-11-04,0.009259235275681288,-0.01374339710750172,0.000943260444944416,0.05042013585868976,0.020247535046812537,0.012214996404848355,0.004266972989595885,-0.03795058952410191,0.019041664500950573,0.024657576051476893,-0.007383100902379036,-0.0055363269731505405,-0.019802004801713458,0.00704230185804211,0.003993137026945259,0.022172964377436877,-0.007030361641647276,0.0097288280916481,-0.03333336564782308,0.029556622475449545,0.0008361395359481882,-0.025950016608869753,0.02016854657537759,0.0033113291478390483,0.008810564358837869,0.011378022038437186,0.001976309570444368,0.00749062934645095,0.006241039006556148,0.03153163198431086,0.03748125894159027,-0.007471216299807182,0.01829254693780813,0.019125632459326525,0.0032362429332906117,0.01199391482897294,-0.000950502314866819,-0.011848083638876128,-0.015625,0.005145810155814612,-0.002456971267741137,-0.0038888719346787948,0.003314972203289246,-0.05633803141378868,-0.052238805970149294,-0.015999955203839566,0.0,-0.00202024820706026,-0.002347292852082683,0.017080255657863752,-0.01226386603572227,-0.005044666891966254,-0.006142960456290036,0.0,-0.005649650245039273,-0.02083333333333337,0.14320576996628898,0.03491402072161787,-0.005681788828241441,-0.0005396777394101049,0.005602201891279357,0.0028463845519419717,0.03928576263846262,-0.031726868284399634,-0.03346761079928917,0.007073115754550496,0.0007022632754614122,0.008100543125660442,0.0001618883171301544
2014-11-05,0.0,0.013603244062261766,-0.026390110943536493,-0.07930437170940896,-0.024255783408571263,-0.014749226932909143,-0.010015229845634965,-0.0032874346074919236,-0.005973342977201979,-0.0016043147284231507,-0.004132231404958664,-0.039665949851330984,0.0,-0.011888111935303258,0.011363571094088698,-0.014642081420783049,-0.030303067143313656,-0.017226281827383616,-0.00038320528994906233,-0.03229659272458263,-0.009189691553688428,0.005708895743932851,-0.00029505091140757944,-0.009901122591126077,-0.009825344332654917,0.004166682561238533,0.010256407841999993,-0.026022368093815973,-0.00906490094220791,-0.006113514020657074,-0.00650290112685159,-0.026056789288454008,-0.005987952995647694,-0.01099191106747932,0.0024193948873256765,0.0,-0.007882577982970096,0.004406644094353318,-0.031111096578931074,0.023890733870648884,-0.027093574262141207,0.0066926341239450515,-0.01101320567989117,-0.029850748090544554,-0.03149606299212604,-0.03252037673871189,-0.027368445145456444,-0.02834008670328292,0.011764530287186492,-0.004435978118356054,0.0,-0.005460194734051349,0.022958035887291395,0.0,-0.026704531796256092,-0.03191489361702127,-0.0213522719037611,-0.008056386832572038,0.0053333616552684315,0.0,-0.01615596504604888,0.009082280392230357,-0.001718252334515169,-0.004562447431226246,-0.005467338351959117,0.010033400162406503,0.019298218844229664,-0.01261400411885849,0.00016229599331363254
2014-11-06,-0.0036696920209483563,-0.010147313181055773,-0.02710542614672018,-0.04231201212459834,-0.01779664101948264,-0.021502481241449156,-0.03985282892789577,-0.02836402639577218,0.0015408556447840116,-0.009641151817901483,-0.03568464730290455,-0.005072510690654397,0.0,-0.019108328540127784,-0.0179775117157287,-0.004953256260471939,-0.06250000870639538,-0.05941770674588298,-0.011498670752189577,-0.04573551982911661,-0.03625627014747612,-0.04919581394086936,-0.013282194847090478,-0.029999848944159413,-0.0396912534498407,0.004564261463145369,0.0015618536743406963,-0.04770992574807931,-0.03514689037850138,-0.007908687127737624,-0.01309093128551131,-0.004161694179207309,-0.03714848038323815,-0.036324232034349646,-0.008849591131132817,-0.03209879054225839,0.0027397231222567875,-0.01632485015606744,-0.17431191399182688,-0.003333394876373963,-0.027848144632202976,-0.006925208048948139,-0.0077950345278430255,0.0,-0.024390243902439046,-0.0588234768561533,-0.02236648438826161,-0.023611056105588668,-0.006976596561702242,-0.04360281322037873,-0.024832207720256183,-0.02745101031135111,-0.006905400813854268,0.0,-0.028021012845808713,-0.04395604395604391,0.025454543352900094,-0.019289393573532765,-0.014778354326179022,-0.019438477400288035,-0.03171013557039093,-0.044440340530656264,-0.06024094803435165,-0.014583349227905273,0.00026178068893178974,-0.002980226054801527,0.01549056023262696,-0.01975865022905876,0.00016229599331363254
2014-11-07,0.009208079195827112,0.008597828158104726,-0.0019901190797639856,0.025246523866574,0.006614861573729147,0.0041724209035072235,0.009259288580876657,0.011541015480714512,0.0009230663756980562,0.02487836655032427,-0.03614457831325302,0.05608160840755971,-0.08080805648064782,-0.051226582623525974,0.012585882520851577,0.021570845344663026,0.029595169604484717,-0.00347443496151989,-0.053896778311424254,0.019430064694821336,-0.024496997302678736,-0.034825930873869204,0.01555490481157662,0.0068728347710000914,0.02181395861666635,0.002891433491120976,-0.009746618988569766,-0.026052032778877132,0.007485063636565981,0.02657219522428278,0.022844541384546835,0.002985029078241608,0.01668401578660328,0.016877623571643685,0.013798645799477649,-0.009183606997337002,0.004098308254576022,-0.017736740533548012,-0.04761907645273733,-0.030100250499945358,0.015624938106581165,0.013947001988324548,0.012345607788387003,-0.007692339631833689,0.0,-0.03571434221938563,0.016236181840000308,0.014935990887594786,-0.014051673008466659,0.01331111313548261,-0.006194091826695947,-0.0028225684265188455,0.08865690118576741,0.0,0.04234227238016497,-0.02298850574712641,0.010638276887006137,0.017080741662457655,0.0,-0.0016520202036115483,0.0005848669110599669,0.00843801441338421,0.04761900187328871,0.015644856033887322,-0.0005234243554751439,-0.005645904763238008,-0.018983032743809636,0.01113285331610836,0.00016229599331363254
2014-11-10,-0.007299320884132654,-0.004918051855246852,-0.013958256301899286,-0.03809156521110546,-0.0011428569831649638,0.00526321890267778,0.015501355719970134,-0.021476417163556194,-0.009990745818987623,-0.01319261160606,-0.020535714285714324,-0.0034482890161974256,0.0,0.02053244635082896,-0.02485878616338244,-0.0157011802129714,-0.003328262478711319,-0.004754346185659286,0.017213108012866574,-0.005082587348752665,-0.008071677308760017,-0.010309197279204096,0.005596481152431831,0.027303766768294935,0.010112377128703054,-0.04118616028499622,-0.004724300228710954,-0.004115222299809096,-0.02773652413933425,-0.021570238731377644,-0.016570640779127177,0.0023810069847565174,0.0,-0.00276621443028513,0.0,0.029866134878282713,-0.016190464701426377,0.010348504630567357,-0.04166666666666663,-0.020689705922113277,0.0,-0.004401646606010723,0.015521049860536706,0.046511632330153985,0.06666666666666665,-0.01851846686556824,-0.026143834305291547,-0.020322418095618744,-0.030878815391671477,0.004597791272928697,0.013157932103802228,0.0028305578697915834,-0.001995916902785222,0.0,-0.03197929536607269,-0.02352941176470591,-0.014035106797600005,-0.010178059006281992,0.0,-0.0016546486864595922,0.004967917040269443,0.005837724220417062,-0.031468502612059024,-0.029975071065013625,0.015972803396316237,0.0020039329990546584,-0.0027643373265286986,-0.009356856997914442,0.00016229599331363254
2014-11-11,-0.01960782480441492,0.003294937176738566,0.004044703421562934,-0.014400024414062518,0.011727722119224016,0.006062261330471497,-0.004672826115632578,-0.03292191346774209,-0.0032603881904550436,-0.002673857880705288,-0.01185050136736554,-0.015916923548251916,0.0,0.010432088844688936,-0.04055624296969096,0.007150731248613429,-0.010321993130979257,-0.028662408581659693,-0.02135383082364184,-0.04469986054187702,0.022603977442585244,-0.005208342238868013,-0.017867635648926572,0.009966752136420176,0.013348152237400601,0.031786930811503966,0.0007910736525640338,-0.014462844928620266,0.03667857222797699,-0.02204587724473739,-0.023443201741178754,-0.008313502872915546,-0.0051282275242899855,-0.000554777519637506,0.01361091870278619,0.0035000070606177047,0.007467868371581865,0.01630436212704134,0.09999996682871948,0.03521124322827429,-0.006410242616311845,-0.00801318352678948,-0.016375473586250133,0.06666664243420861,0.046875,-0.018867954492701067,0.005965691619414404,0.0014306479555485918,0.009803870759834243,-0.003596008915501936,0.0013670200911082286,-0.01008064547140819,-0.011999947235104558,0.0,0.01220248116676892,0.0,-0.0007116811221739017,-0.02005147977886912,-0.007692293450561549,0.0027623887296563954,-0.01657464887964344,0.002128086440146504,-0.03068593456038282,-0.031330453482384835,-0.0038659878758050548,0.003333429209405825,-0.02979905031752128,-0.004760550023707899,0.00016229599331363254
2014-11-12,0.023125052452087402,-0.017077160053616258,0.0201408239890295,0.026785708756526416,-0.010460875281135373,0.00273892658173458,0.011267624468076498,-0.00921976564931204,0.010903406275930116,0.013404826011449655,0.014760147601476037,-0.01476793489476147,0.0,-0.005899688640195744,0.03200487341412761,0.001638461091755694,-0.003987610746745918,0.026885235895875992,0.0045287053178209025,-0.010695176938778084,0.02564102131685475,0.029319341236915708,-0.0038771284618246415,-0.008223702792440557,-0.008781550682871675,0.0029142253742795443,0.011857668726474202,0.11740040776074978,0.06142508057334273,0.0018034196711651518,-0.0022505426213723645,0.019760473570659354,0.010309239187417107,0.007493759516090659,0.008688734219213012,-0.0019930423813939724,-0.0024708375674725724,-0.015631471063595526,-0.003952508977731917,0.030612322294053307,0.012903197861441784,-0.016434543941804103,0.01997766623963715,-0.00694441683584901,-0.014925373134328401,0.019230800358727818,0.003706463423514217,0.007857118334088975,-0.004854344018535572,0.0006561501657864621,0.007167269532064147,0.0012220239339242323,0.0012144791452508574,0.0,0.0014701382192701118,0.10843373493975905,0.011395998092247561,0.022035681430339293,0.013178308856254928,0.0049586861972164,0.020993557051290912,0.016409274740745827,0.02234634788015244,-0.002215296310881798,0.016558898102736475,-0.014950141618743085,-0.011071409497942275,0.009623813698212524,0.00016229599331363254
2014-11-13,-0.022602371427289714,0.08252593632546179,-0.026653554348572084,-0.015414996103128353,-0.026571389925923228,-0.026495478458809063,-0.03125973671624116,-0.01002155536245175,-0.02372883114175839,0.019047651725802472,-0.039090909090909065,0.03497500093597594,0.0,-0.025222553097144607,-0.0070216991317713084,-0.01908392747601495,-0.02494601574136912,-0.038952724305297615,0.025409758004064198,-0.01351350045186761,-0.025862084557694898,0.0050863806563907765,-0.008982027593025133,-0.014925375495747129,-0.04097451788487916,0.004151115850407505,0.00351570687853342,-0.033771075218602564,-0.023148130873350437,-0.027902792810166166,-0.022556404994930057,-0.0340575396547621,-0.035714193204941624,-0.03223138839942352,-0.010963103382868322,-0.015476802225933506,-0.00921981399624916,-0.03865441771007927,-0.012698475892249372,-0.026402652277871974,-0.04076428414026423,-0.03738316747341408,0.003264472125907858,-0.027972030371691936,-0.030303030303030276,-0.03773590898540213,-0.030280638742040233,-0.036144527825425876,-0.014634070870001348,-0.019672133608589104,-0.0003388759337266123,0.004882052058823083,0.007278537173750266,0.0,-0.01614796703320731,-0.06521739130434778,-0.0007042332835885956,-0.026694069300988055,-0.01109410697261326,-0.004385960784535126,-0.000868874367057737,-0.012345731432494844,-0.04007282319919703,-0.002664359328213517,-0.027233451811972453,-0.001686430755358903,-0.006861702072700315,-0.021385832122161608,0.00016229599331363254
2014-11-14,-0.011250019073486328,0.03395054015494203,0.002028541176832377,-0.017262156074258406,0.014088638505227458,0.003367038762278618,-0.009584640395305044,0.024584191576280112,0.027304319402689847,-0.010384255480928695,-0.0009460737937558861,-0.006896578032394962,-0.03296707388311504,-0.04185684532646494,0.0017678661083915248,-0.003335210777290931,0.004421925664524151,-0.005315609481208128,-0.050359754460998274,-0.035616468779251176,0.013274302300743557,-0.0020241779415814953,-0.008761342710074449,-0.04882162804611179,-0.07274828239508369,-0.011988462551666523,-0.009342125521246025,0.03689321431107717,-0.005213256301985214,0.017592637303436298,0.012307680570162294,-0.016413400926519217,0.010581969777857525,0.004839103232070485,0.010292984983918396,0.0020284159240246957,-0.004027729859640283,0.013910068985415691,-0.0072346625361221495,-0.03728817334053047,-0.006640091718330465,-0.0067667945153208064,-0.002169195422491388,0.0071942158203555095,0.0234375,0.0,-0.026656540625980774,-0.02941180595477033,-0.002475294044877563,-0.01337789166754999,-0.020000005172470914,-0.006072936082818781,-0.04857476431549035,0.0,-0.025663919517845524,-0.046511627906976716,-0.015503910699624868,0.020569689653437973,-0.015473936289569945,0.017070455316471778,0.004927597745708612,-0.0013460983925636105,0.03984820472618922,0.024042784396222983,0.014913691036483767,-0.005405342918483047,-0.007636330344460207,-0.0014273039385873654,0.00016229599331363254
2014-11-17,0.0031605683754356573,-0.014925317048332887,-0.02327947679183162,0.024509819962803547,-0.024601986308520063,-0.022371372263226608,0.005806461457283252,0.019760072221124414,-0.005684413116114673,-0.011542461674650117,-0.009469696969697017,-0.0256944371778286,0.011363650948092774,-0.01588573114857139,-0.02294114056755514,-0.007250434359893032,-0.011006558277732337,0.0026720080921525113,-0.027777735276601323,-0.019886344779005638,-0.004366828957883873,-0.007099482059111262,-0.012496156853705975,-0.07787608766535026,-0.09090903692548691,0.004184116446269481,-0.004322217198096889,-0.00749062934645095,-0.020009604441676543,-0.03639680368706766,-0.04179332804802571,0.00123612221176983,-0.010471164234390318,-0.007365447650218626,0.008620640043698113,0.011133554917256427,-0.006833026507405027,0.007502626284110248,-0.07854252931718309,-0.010563491168947725,0.009358310237973289,-0.02547384000033448,0.008695644241649925,-0.007142828768626153,-0.022900763358778664,-0.009803850886195509,-0.05086069108854019,-0.04545450276251273,-0.009925506827065167,-0.016949135630557888,0.004842593925539873,0.01629334168267782,0.0,0.0,0.01163852868792592,-0.03658536585365857,0.0007158988128082022,-0.009302341169365347,-0.03693513872162579,-0.010828308772389272,-0.017594583130066455,0.0032736392163228434,-0.06934308633545683,-0.003043464992357303,0.001546793809396263,0.0047553689826402845,-0.028215479367227125,-0.009947461948543568,0.00016229599331363254
2014-11-18,0.019533737986903388,-0.009090943769975102,0.025906938908623278,0.03668261878359669,0.0471809623514452,0.044908491143897944,0.036241214145455114,-0.04152241134458334,0.01035227160005503,0.02760087333079153,0.0248565965583174,-0.007127543100404088,0.011235898814094591,0.016949222508334527,0.043347338163598925,0.010112321087872855,0.02893501649835173,-0.0029980063696040116,0.0017316371581836965,-0.03768119207076481,0.02543859399623516,0.005107261566690502,0.01327159960101687,0.009596859918641343,-0.042465809796847775,0.03250002861022949,0.016574530469000592,0.035848976140688826,0.013125957943722844,-0.02077435107172554,-0.02061849978479935,0.012962905838441063,0.028571257744154366,0.02910963146956158,0.013986000875913174,0.01251255250456218,0.010951879059304837,0.026383015506136198,-0.006151115476298763,-0.01245549172091398,0.019867505501151905,0.0331307021894971,0.02047406289367326,0.0071942158203555095,0.015625,0.019801923742772676,-0.015663687738256438,-0.011904806957402148,0.010025010133587475,-0.0010345110308559446,0.029259910629716668,0.018036025724666338,0.021097023458353403,0.0,0.015743286270326617,-0.025316455696202556,0.012875467864870593,0.03651542828135357,0.0024480167749909576,0.014778349808356905,0.009982509264218065,0.021497108201557813,-0.017646995575231528,-0.03924987381387535,-0.012870041111716968,0.01588917686618463,0.014328776553823808,0.015705171976510446,0.00016229599331363254
2014-11-19,0.022249728279448933,0.03211012786410716,0.00808065599500285,0.059230804443359375,0.03797109005028321,0.04297832961876291,0.030331151364371145,0.005776166652576187,0.034103031708131226,-0.001033081463488017,-0.027052238805970186,0.0014357145478256506,0.0,-0.003968281017374342,0.015579945698345421,0.04783098004235242,0.03213851029795589,0.029401909515330837,0.033707862344202644,-0.039156589950699816,0.01967497897062387,0.0680894360798816,0.03563816730695213,0.08174917408244453,0.044349131583320434,-0.010492341472046696,0.014751628047997345,0.027322422881791875,0.0465451132587007,0.0028930656113028697,0.006477726415789364,0.02193788017666165,0.039094691287976824,0.040210744323555536,0.017624544973104284,0.04251107014683342,0.011111197988187493,0.005389683307769566,0.002652496185513664,0.06126144886461815,0.03246759793234921,0.019711625062077243,0.012671583981230139,0.06428569258777284,0.08461538461538454,0.029126261195212333,0.026800725271739267,0.026506018374431894,0.03473945276276891,-0.0024162835587725473,0.014715737112749983,0.003937022951637115,-0.006611698451057801,0.0,0.016095319186880896,0.01298701298701288,0.04166664620559479,0.011575215527026783,0.027675975148103937,0.034519922224622634,0.013081366209757528,0.01465612887181389,0.0019959584007662734,0.005901005751915767,0.026336434034427425,-0.010648959767534216,0.024163554934867548,0.025757750374553412,0.00016229599331363254
2014-11-21,0.03567099229634163,0.04888890584309902,0.05711418343044583,0.08315174045210671,0.06524708773611154,0.07611552947497358,0.04385698541064542,0.08973434874256125,0.0034014008598977075,0.005687725412806932,0.04985618408437209,0.038709675214072536,0.0,0.055776966566791986,0.022727250560256484,0.0674096934104389,0.07245505386239137,0.05809798893886353,0.03344476969683119,0.047021897886595054,0.04026841771510825,0.043767863841274623,0.01117643156678727,0.07029876358339249,0.050684914505712664,-0.03466559402940772,0.03672538483861776,0.05141843416988112,0.03392939800396788,0.04038457694490982,0.030571207169052705,0.05843765745293328,0.05841587505767465,0.06584913147969007,0.03765056671952949,0.024182087396400265,0.04697796236052176,0.01041235423972342,0.008818291574060444,0.08998304944126012,0.0704402782949618,0.03866128558820359,0.0,0.07382554093069715,0.07801418439716312,0.09433960529369934,0.11174550244556003,0.11893587554952867,0.031175013523639272,0.023875406485548645,0.03823335008497564,0.042745104023054425,0.019134852345359832,0.0,0.05133474024594653,0.16410260322766423,0.021694958675387177,0.01990047815616136,0.05386144553334549,0.027111597992172554,-0.004017213306762413,0.037037065431285265,0.07569723423998576,0.06453070013638929,0.017022286295749645,0.009081687817794393,0.02177859884157818,0.05020317210643599,0.0003246183266167879
2014-11-24,-0.01517795296386737,-0.004237304231073047,-0.002843599775077421,-0.034864197480343195,-0.013839054292122843,-0.01609758106378323,-0.038848876953125,0.0026351454069173386,-0.009579984206513181,-0.01491007219289775,0.00273972602739736,0.03312632874345467,-0.044444363882224835,-0.007547293762024454,-0.0022222730848524552,-0.012928820304216493,0.0008374957897177016,0.009202548030668334,0.011326857414729163,0.011976108173510136,0.0008064700959258264,-0.06745660878237014,0.0037812715477381076,-0.0016419929092663654,0.00521511883378678,-0.01774398288720691,0.006273070726210195,-0.006745356325623009,0.009756071689797974,0.015711696832162003,0.030444916227419405,-0.019718331350407126,-0.019644522651619534,-0.02076038514547729,-0.0021770281620521192,-0.004629626266661857,-0.02125414102559131,0.02030406887052738,-0.023601356118258643,-0.02647993856901054,0.012925927802372339,-0.03333335452609587,-0.009384713414117174,-0.06875003258603041,-0.08552631578947367,0.017241330585613168,-0.014673500189720357,-0.00629371688024194,-0.023255694398561677,-0.006421079763573756,-0.0009524027506510047,-0.003384736821038792,0.010612286784961178,0.0,-0.011439736657833377,-0.07929520193443795,-0.007299220515624816,-0.026829231076124227,-0.004133832954979044,0.005076064479612397,0.028810105321996904,-0.03571431211658971,0.020370394735505837,0.004663018636712257,0.0047464507837648995,0.01666673278809605,-0.017761989583504834,-0.012071178945866956,0.00016229599331363254
2014-11-25,-0.002371127062087419,0.01985809650826953,0.007604693030463627,0.014588334685282867,0.028326366152764626,0.014377748549309954,0.002993966154271277,0.0052562354464000816,-0.011755917869289756,-0.008350722791562015,-0.007285974499089298,-0.068136301908438,0.3837208954493192,0.05323201282773371,-0.013363016890443835,-0.027707877692463412,-0.030683347307634334,-0.016717417211217556,0.019200044113161452,-0.011834378377890364,-0.0024173838307860462,-0.005865150247517992,-0.02578962251174355,0.004934237366858607,0.011673171484123834,-0.006451596495925749,0.002200037446328462,-0.01867566369621665,-0.025032924236234266,0.0009098052867986262,-0.004545414152223648,-0.011494187354914032,0.01908397572839382,0.012771413945179555,-0.01018180847167971,-0.03720927517098971,-0.01072394278111266,0.01500000057220463,-0.059982101317607395,0.01920004959762167,0.02436188253073346,-0.00862066792062055,0.005263208457971569,0.060402775185799173,0.050359712230215736,-0.03389828599540301,-0.011169066924501925,-0.004222408124956112,0.002380825430620792,0.0,-0.008897323972233306,0.024150920364091943,-0.016155051804741416,0.0,-0.020039596712474683,-0.03588516811909592,0.030748609750171685,-0.027568978615324258,-0.01886792738442522,0.013636387281182216,-0.02268272104781832,0.015925970334530026,0.0,0.01097039296048341,-0.0037294961174133556,-0.0036065714507306224,-0.0018082906962153533,0.002779432201707399,0.00016229599331363254
2014-11-26,-0.011289396014196651,0.029207265804964244,0.002830186196602469,-0.01266685872925788,-0.02628247141882345,-0.010263888994585413,-0.002985029078241608,-0.03464054046233633,-0.006173778933214913,-0.01052635594418172,-0.022018348623853212,0.02150539031087395,0.0,-0.0064981417705822775,0.020316062319497563,0.005181350941890761,0.0123740719051455,0.04173113918068072,-0.018838347019370483,-0.07934127942979408,-0.005654256395568713,0.031465128793871644,0.012492580444996015,-0.009820098493753981,-0.0025641000560834293,-0.001298731002168041,0.005854499132493807,-0.001730143342359436,0.0,-0.04545448586959866,-0.04718416052965646,-0.0017442258903935803,-0.014981247563747413,-0.00832280805141572,-0.015429854679585575,-0.009661828425278518,0.025609781680041577,-0.03192112483587872,-0.03333336966378353,0.01569865201046583,-0.009059967419496773,0.010724606721297603,0.010471194411496354,-0.05063291401328451,-0.03424657534246578,0.017543888282548714,-0.0007529574855859034,0.0014134599507324985,-0.00950113884451742,0.0034013794631702066,-0.007694766495951133,0.0062638201959128725,0.005747046878419537,0.0,0.022465517655272604,-0.004962798181780803,-0.027237339045923625,0.006185610391392871,-0.003846185296676574,-0.02840058313360183,0.014326671392163925,-0.010572393285997128,-0.0707804586429025,-0.03839725392733928,0.013226882555329222,0.0013163091875085797,0.010507210296033742,-0.008333183348031903,0.00016229599331363254
2014-11-27,-0.0048076878990646055,0.02135135087068285,-0.007525998168729897,0.010402192630835527,-0.015572277880212981,-0.018765408545064477,0.002395150080919617,0.0013540070000215287,-0.002121208146896536,0.009574484706411424,0.022514071294559068,0.003508785314727314,0.0,0.021075555860395667,-0.0038716645530754157,0.008762986579083254,0.026151182628760372,-0.030267075212810912,0.004799981945246223,-0.02439025903112113,-0.008935873810066663,0.0314584195311971,0.0038190397404682663,-0.0016528491640902532,0.008997389837595238,0.005635070213910742,0.007639115857608347,0.010398603635680903,0.01126125282067103,0.009523773556662452,0.006389770030435393,0.00931856998841929,-0.0076046272574412654,-0.014750853512037865,0.029104411126669394,0.018536609447278973,0.010569416579993662,0.014654982652173354,0.009852254702272356,-0.010819216815862731,-0.017142819120892994,-0.004588467230086657,-0.019689046623221462,0.006666639768639238,-0.014184397163120588,-0.034482737550535436,-0.03918616728151225,-0.051517324769243755,-0.016786598932076235,0.0,0.0187399001424442,0.007323352868932487,-0.008163297526893265,0.0,-0.011267649389330558,-0.007481278016859605,-0.00800002384053855,-0.0056352770374967776,0.017374582556216378,0.02564102564102555,0.02401127386802493,0.0009211769801549252,-0.003906246362021082,-0.002604226167828738,0.015270969629719078,-0.000986035951322184,0.003944087944024455,-0.006842353624450959,0.00016229599331363254
2014-11-28,0.012077341146705889,-0.004763198295166471,-0.001895529793085604,0.019217617879907944,0.00843652735326228,-0.0027680464044935738,0.0011947704920629576,0.014874986650635025,0.005314323512927377,0.016333054834968053,0.0009174311926605228,0.02657343422184888,0.0,0.00925267700751009,-0.007218271319439418,-0.004598909652101746,-0.022991726862803596,-0.02692781701032798,-0.028662313086154523,0.008333365122477288,0.028688556306691426,0.012014826936821432,0.00702368423751798,-0.004966756792082805,-0.007643304905536774,0.018965457424115817,0.016245519407484643,-0.00514575186342725,0.02449882193260966,0.02830189427857599,0.023809462537933257,0.00923253595594331,0.005747136353796423,-0.0010325106177851984,0.011602676509655963,-0.008620720425726147,-0.0005230172196404315,-0.027081289438067535,0.00780487060546875,0.018750122230628552,-0.01162788073682608,0.016133719045285932,0.031712441922900014,0.006622490013348692,0.007194244604316502,-0.008928585554846435,-0.044705858417585786,-0.04464281596192565,0.0073171526444681945,0.013559286331177756,-0.01585791275329007,0.0003635124972241055,0.00534971348910851,0.0,-0.01111110509186597,-0.035175822563283,-0.024865538144161703,-0.006182325235863706,0.06072102434287996,-0.017500019073486306,-0.020413754157759145,0.009939220021389028,0.029411783955364257,0.013490051325773411,-0.03081035317709857,0.002302722346023245,-0.009642873491559678,-0.0010416476307084643,0.0001618883171301544
2014-12-01,-0.045346075089674365,-0.04280770661193012,-0.0626780709994228,-0.073063973755911,-0.05228757334260736,-0.05122377053558114,-0.04653941980868015,-0.05929382993265442,-0.01570761910739582,-0.012960082329429246,-0.04399633363886346,-0.04632154571114222,0.0,-0.05782803358661692,-0.039709122919344475,-0.015202800328870447,-0.042245486117731934,-0.02830187547556262,-0.03975413387424609,-0.047933876481052184,-0.05418329042558878,-0.05844746821049629,-0.026445824037249044,-0.06322802842362663,-0.07830553741996449,-0.04610829867724886,-0.01811725298700173,-0.03275862947797348,0.015050104844316126,-0.06055045224271505,-0.0697674143522814,-0.05831906638718387,-0.05333324286914054,-0.04676998574304192,-0.037992833427960115,-0.06811591882260126,-0.05035973143440253,-0.025670101742699236,-0.017425005470010024,-0.07822097328416366,-0.037647133308242986,-0.055854868021967596,-0.005122999605856937,-0.09210521926383364,-0.0714285714285714,-0.07207210730784752,-0.05008215066237298,-0.04049847753770208,-0.029055712470861028,-0.02775915529054196,-0.021914285856539983,-0.027616286927329314,-0.007367817096417095,0.0,-0.030538714181315596,-0.02864589179969268,-0.011026933358836977,-0.06583724196412011,-0.04436492716966978,-0.01374048157787533,0.014362087448971161,-0.05230548084227837,-0.06666664850144155,-0.049806857413533856,-0.006257836299483732,-0.01640956591702014,-0.05697800035299361,-0.043685057807697936,0.0001618883171301544
2014-12-02,-0.023750007152557373,0.001388867696126228,-0.02836898500354368,-0.020704743478243137,-0.0052413446983494705,-0.014893686543614781,0.0037547794123791167,-0.016289052387195913,-0.018566838719285994,0.0084033529263976,0.0028763183125599667,0.010714258466448134,0.0,-0.0029940037580705736,-0.0029120114640872607,0.020441129838447925,0.018946047687653733,0.02912620160650614,0.04566794861275869,-0.02430561419438204,-0.014321826279102612,-0.014549006915013818,0.010149301276970002,0.03374782249154418,0.004178302301615977,0.007982275444158526,0.007597572783840434,-0.026737984277633742,0.004126580389527845,-0.009765588329171404,-0.007500012715657589,-0.003642954975337065,-0.001006024117228721,-0.008403350935153653,0.0260804133505963,0.027993675905402915,0.02865016812814547,0.02370123448104633,-0.05615760751198484,-0.08652254819719196,0.0,0.00030036445824710434,0.007209110220259829,-0.02898550896417862,-0.038461538461538436,0.0,-0.009507317163236717,-0.012175294013464177,-0.0024936327458272567,-0.013415921931453578,0.0006589936577359179,0.0332585718249685,0.02474226192734208,0.0,0.006537830682249668,-0.05630022833980586,-0.0006968027511040642,0.014983376853763941,0.018345173745695664,-0.007223911027398611,-0.019988868171274432,-0.008461440108732399,-0.0061224916784619055,-0.029823762875788806,0.005037794734344958,0.01568240999684445,0.0359464836623371,-0.012701813451679533,0.0001618883171301544
2014-12-03,0.003841256085550304,-0.0016643931917017518,0.016684257188116502,0.0014837135343368502,0.010815271714290642,0.01106915988448609,-0.013092330413647324,0.002159908760163587,0.01626018603370083,0.003645817293889575,-0.028680688336520044,-0.01060068004057324,-0.08403361433155243,0.012012051390984269,-0.01752343047330207,-0.0015815607639355633,0.01133062901855486,-0.00628927233928156,0.043673352086553985,0.00533811573296239,0.0,-0.014763710588772239,0.0044325845764177085,0.013745587580080931,0.011095689775698636,0.007039148730064948,-0.008617566434002799,0.038461545179447,-0.007305932528118841,0.009861895541171783,0.014273726152136179,0.02498475632080921,0.009063252525715715,0.008474565684624569,0.00798841163030084,-0.016641431097599413,0.026780905226823082,-0.02387598318647044,0.001043865236062258,0.09836082614348385,0.020782388719522427,-0.003302329805358828,0.01329236707364756,0.014925374045272166,0.0,0.0,0.04712041536261147,0.04437140168182063,-0.012500053311983672,0.0006973311432307838,-0.008561087313041948,0.0025316345674488705,0.006036240793473091,0.0,0.0008858039047043853,0.017045410827172702,0.011854945678542395,0.02460354472747972,0.010294172409432312,-0.017671525812504307,0.019830093819431127,0.013770243344073174,0.0020534351369265735,0.02235684512977132,0.006516305345889428,0.008869860516983685,-0.03248435079950229,0.013717740060451122,0.00016229599331363254
2014-12-04,0.0012754785523030332,0.007224262239200918,-0.015384600712702867,-0.0133333559389468,-0.023045196538628465,-0.021361823213389086,0.0009475896017088203,-0.02298848012338839,-0.024615391065220593,-0.0005189532249235684,-0.017716535433070835,-0.02928570338657921,0.0,-0.003709152662787485,-0.0011890878791054327,-0.009503673753207376,-0.01895991236117167,-0.018987353614766667,-0.057880265657756835,-0.019469049850918796,-0.0034188002141121165,-0.014985040425143814,-0.022359510674439864,-0.0033897414358011746,-0.038408742721038225,0.0043687367468847604,0.0025354491268836377,0.012345625023337359,0.009659504154391207,-0.015624941326674247,-0.014900687608660035,0.007134413876970891,-0.021955991095216287,-0.01490919432316773,-0.00576368353341461,-0.0061538015897857345,-0.021909175155383043,-0.015247762046257884,-0.027111597992172554,-0.0679935076208471,-0.017964032361113325,0.0015060010816734248,-0.016145293242646463,-0.03676473816107095,-0.02400000000000002,-0.019417421444056115,-0.04749997456868493,-0.03461837758164554,-0.01265828251830059,-0.00034836562733220333,0.04118232301502722,-0.01154400082073792,-0.00400001547241291,0.0,0.00884954511264624,-0.06983240372284627,-0.024121361098641825,-0.026147266654364953,0.02037841838768295,-0.002645462331730686,-0.038888935006818226,-0.01568767218980882,0.014344199422675397,-0.012756295075773472,-0.01020907996219289,-0.010420098996430815,-0.026707320871503404,-0.01706804281345564,0.00016908319522346282
2014-12-05,0.01592356707243181,-0.006896525597316461,0.007291510592527528,0.022147153382336304,0.008143743545588,0.022101004353341835,0.009782248681543093,0.017647038690719485,-0.007886429548726204,0.0020767916772259642,0.01603206412825653,0.008830013554946836,0.0,-0.007445995247353232,0.016666708295309363,0.012793390080054978,-0.02020506824038726,0.0032258187570879393,-0.01701955662664212,0.0,0.007718709585392114,0.015213007964479663,0.025880218733802973,-0.03741495301733999,-0.04564909575080289,0.009134449495954655,-0.007586851940227568,0.015679469717184036,0.011389551887027283,0.010912656784057617,0.004201696835099522,-0.011806420108273041,0.021428566057061227,0.018987399472263133,0.002173949069173009,0.006707931192775574,0.009866684631455014,0.01279566364903606,-0.005359077293004111,0.0017795631908339438,0.0024389933437165556,0.007518796992481258,-0.011282094761074557,0.0,0.0,0.019801923742772676,0.0017497378438651179,-0.007334975487384265,-0.007692390628980639,-0.01986752249092194,-0.017543895939927112,0.01277373672782911,-0.01084341560571156,0.0,0.017836285028064003,-0.09009009215415276,0.011299492497603092,0.0010959154938998683,0.023894445728415148,-0.005305059917560029,-0.010693662524809855,0.0,0.032323299073625744,0.009690774514689027,0.00880494309584745,0.004935771895440366,0.030968208588422197,0.010986446808096906,0.00016908319522346282
2014-12-08,-0.010658312120806035,-0.01388891537984216,-0.03929683620227109,-0.05214836945154511,-0.03203345369499777,-0.050186848999770106,-0.014374971389770508,-0.04624279746320037,-0.014308453725213277,-0.01813463668169557,-0.0315581854043393,-0.016776111981815167,0.0,-0.02475615445226076,-0.025175662007993704,-0.039473703166544305,-0.012253354353705226,-0.04340837186208191,-0.03420598435238831,-0.057761764235525925,-0.004255335381690539,-0.033966149506619026,-0.039014344420228775,0.0017668221246516236,0.0074737987249702265,-0.018965539637416318,-0.0029122005509840676,-0.012006808874831187,-0.013063228652452463,-0.03238474555284987,-0.037656888405658395,-0.01732371637657082,-0.03796207539078944,-0.03726708904887899,-0.0065076239469760155,-0.03434134825476487,-0.029574904645934708,-0.027391402472344284,-0.04633613834855055,-0.046181255351884776,-0.009732364133939075,-0.0328357753468983,0.00933614586817888,-0.015267177002235566,-0.016393442622950838,-0.058252436371005856,-0.06375541959796593,-0.05500821506623732,-0.04134370454598091,-0.01849225464193449,-0.014610352816156968,0.005405391658748648,-0.016646330905122575,0.0,-0.028152838303511785,-0.08910887536552792,-0.03142458730299891,-0.031198668885747183,-0.012539161519940278,0.0016000366210937589,-0.006427141573235207,-0.03012634563236105,-0.03913899821461353,-0.031992636308962985,-0.013715635041587793,-0.020955962916464954,-0.00570340771413036,-0.033043545160794,0.00016908319522346282
2014-12-09,-0.00760455561405049,-0.014366204016408868,-0.009687905916367145,-0.025184022936071027,0.001438813483765955,0.023327642052389352,0.0057069877172557515,-0.037121122420409436,-0.010483837659327033,-0.01319261160606,0.037678207739307634,-0.04080113173129252,-0.08256879677711115,0.023076856268171575,0.0,0.010410974108195248,-0.004538585663071415,-0.02857144139394041,-0.02579807009153079,-0.028735560260389592,-0.00940168021115162,0.0041365720821175955,-0.0009157573137591468,-0.02821887486765262,-0.01186942528527457,0.030316367623846707,-0.014238813269840223,-0.013888957875743513,-0.002738128494716663,-0.05375257943659284,-0.04260867574940552,0.006686850936247213,0.00934576816774002,0.003927015450098992,-0.010189219194532861,0.012208048379974246,0.009251748824861794,0.015173009282693606,-0.005649738822560368,0.014897497324040776,-0.022112999156459145,-0.012345725525951368,-0.028776952045205584,-0.02325578446564036,-0.033333333333333326,-0.061855680461260776,-0.01585821567717771,-0.007819300677514796,0.016172683053895742,0.003623208584880855,-0.024711696559249985,-0.0017920873743431098,-0.01734100554797513,0.0,0.028672825818751857,-0.08333337364565296,-0.0007209886403645172,0.01242933920178868,0.00035267995733589963,-0.009584680436342086,-0.019405981818445994,0.010020005830678302,-0.00203660944102646,-0.02266286757885594,-0.009355266689012431,0.0003344494363535233,0.013384336006709185,-0.0016111707841031109,0.0001688131461599074
2014-12-10,0.008939996467872913,-0.0014290397191601967,-0.01521714742100877,-0.048887104518915314,-0.011206859843352679,-0.029112908237209023,-0.0022068000107032804,-0.02911097283221098,-0.011572962258586394,-0.014438526564061527,-0.018645731108930308,0.005413742704723612,-0.05000006274557045,-0.03308275826640872,0.013813786636989178,0.016268797513658395,0.015501270896027819,-0.024221414007977726,0.0008977497320457051,-0.04142012446483967,-0.01294224074458672,0.006179247295286627,-0.00855487819491274,-0.03811247523573025,-0.0450450031187728,0.005543674052755465,0.012963038436910157,-0.0440140858372392,-0.004577003710513283,-0.01822066186362481,-0.01180745792356086,0.0,-0.018518382791198662,-0.015088022330179363,-0.008088266375156472,-0.0036706945471195462,0.016446454726904314,0.0,-0.022727250560256596,0.02752309481116666,-0.0037687962908112826,-0.003125011920928955,0.04761905819140089,-0.007936540905837841,0.008620689655172376,-0.04395601934790394,-0.04170621100500371,-0.047285460441806704,-0.037135337008396885,-0.030685913757651728,-0.005405400180747089,-0.016517091042029364,-0.013445429980070811,0.0,-0.026436846298180328,-0.07509880141605185,-0.022366487358544407,-0.01060270832861021,0.0031734956253752777,0.005376364484882101,-0.022488792050489592,-0.01765872953941683,-0.04489801280551031,-0.037198088376028116,0.014548270552878328,0.026746843585123914,-0.018490557400685392,-0.012850397465782093,0.0001688131461599074
2014-12-11,0.005696212120343214,0.0017172690018534276,-0.006622510282393357,0.04262433952176159,0.019471116059639693,0.024045279580348966,0.006319139505529758,-0.034845999488845814,-0.00412268830681517,-0.013564839710273446,0.0009999999999998899,0.029230778033916716,-0.03157892303495724,0.0054432572436937665,0.016587719227871833,-0.0016009717047943406,-0.014366812853610633,0.0056737533008290875,-0.021076272104334826,-0.010288104806842169,-0.014860063711115368,-0.0010235827253392005,0.028659530615885442,0.0,0.017295543139629332,0.02417301512588943,-0.012797148508906342,-0.011049713568388575,-0.00873556723509017,-0.02292580815825196,-0.030330875021595705,-0.009057948270998817,0.012578551031948493,0.011347580555863157,0.02298000350561935,-0.028947295891618263,-0.013262585853789255,0.005376323576896436,0.02325579074346007,0.021428452151216026,-0.03909215173912006,0.0,0.030303001403808594,-0.016000001570263267,-0.02564102564102566,0.02298854320517929,-0.006923807833958406,-0.022977940934777896,0.01652883918643111,0.01266296373013076,-0.016304396768935914,0.016794487114707213,0.010647295454528694,0.0,-0.02420307965213997,-0.11538456835925381,-0.004428167257939375,0.003384172297809851,-0.01405972793513477,0.02513365209513574,-0.005521442758872119,0.014138560180880555,-0.01495720029739156,-0.02809831697779508,-0.0015095444343524722,0.02637579484380459,0.0053825216615330795,0.006317106644062376,0.00016908319522346282
2014-12-12,-0.02391441826498142,-0.034285683456730665,-0.019999980926513672,-0.06893792256944542,-0.05473202960357715,-0.05856352395555997,-0.017268481564262972,-0.020151283355139826,-0.028812720271223502,-0.039604026876619125,-0.003996003996003972,-0.009716002490957387,0.0,-0.010054072208228404,-0.026806473692482458,-0.01603403076391252,0.041299792011319836,-0.039139653965536425,0.067338503178485,-0.049896002905038705,-0.03726708600128015,-0.028688594328624473,-0.011983211846760433,0.015094392945455448,0.004636817740524268,-0.03478261556341222,-0.011851842552675684,-0.037243913133587436,-0.04916511944415125,-0.07150831245809397,-0.06350711508823925,-0.020719083226652724,-0.052794993410575475,-0.05329595739801363,-0.010869593310823045,-0.007046054212829889,-0.01747305280818201,-0.020320851949617302,-0.05113634085359697,-0.031468527657690815,-0.02755898140615931,-0.03573665841005924,-0.032352962653392825,-0.024390213089304225,-0.01754385964912286,-0.022471945905819024,-0.05776891692328323,-0.04139233577804702,-0.01354993556409434,-0.03457155612538709,-0.014502699662394036,-0.02298029760254161,0.006742546788904846,0.0,-0.0027223288771521803,0.15942024712234537,-0.011860551099690642,-0.027543656731299992,-0.0231729514113459,-0.017214393447715248,0.0030844498436104484,-0.01911972155855768,-0.06290671441520057,-0.023748114191588954,-0.03048622994134087,-0.0288705909950836,-0.022944565591678123,-0.03728364854294941,0.00016908319522346282
2014-12-15,0.004513197536507363,-0.013905333657921237,0.009070042673680945,-0.048213471973962196,-0.019300357612040853,-0.0281690241390139,-0.016932868760882736,-0.023993164411330148,-0.019607869932533606,-0.029209527392630275,-0.011033099297893645,-0.05358490853939413,0.14130439452943167,-0.025781289227307713,-0.0035928964401109598,-0.03259115154998571,-0.003207905507695008,-0.05100915191370414,0.019313263203670772,0.017505453107449664,-0.005529992396974603,-0.01898729471333327,-0.016070409385219087,0.0018586871123726922,-0.0030769201425405734,-0.010296000712862408,-0.011993904006896927,0.005802656195064593,-0.022926666632702375,-0.024067513364876003,-0.030364391423070236,-0.0056005074235861985,-0.020765046785812258,-0.021333382978651394,0.002930400340489081,-0.03493459786104569,-0.020930243080233724,-0.006550243436825753,-0.01916177170979516,-0.03790606030912502,-0.04048588039720136,-0.008452543138725677,-0.00911847965252166,-0.008333367978174966,-0.008928571428571397,-0.0689655277764567,-0.09936570577090909,-0.11089295459265325,-0.016483692391454974,-0.01523811742745329,-0.011913109379156017,-0.015067984608866603,0.002930107830998896,0.0,-0.03184704192194188,-0.14166665077209473,-0.04501131218347498,-0.019075140939839974,-0.005109443099982625,0.019108312496595836,-0.0249076604718782,-0.00020308535065338695,0.06018512539657794,-0.011634019837636345,0.007016647561841838,-0.0071872216729654825,-0.011741653464529045,-0.020478313403608173,0.00016908319522346282
2014-12-16,0.0012837264352767441,-0.027902743071289815,-0.005617732367153905,-0.02804164731425307,-0.0006150812046297194,0.005132824580673434,-0.019824523928391846,0.049165976172408365,0.02695658658533784,0.011209358003358316,-0.02332657200811361,-0.0374800852040319,0.0,-0.015236640805493029,-0.04807687899064572,-0.0320041083996595,-0.018724395334809518,0.028615613056944378,-0.04968412751476503,0.07311820833927674,-0.021315991014779323,-0.013978540060909816,-0.02280427869156465,-0.04452688180226938,-0.02777775120506243,0.023840535400291962,-0.012898347568440771,-0.0038461503192516178,0.0034947183007860705,0.06411843120788085,0.06367428617277748,-0.008760913245235646,-0.0011161494571005903,-0.004844015797006995,-0.023374705479017432,-0.02884605571374499,-0.0009781262726801243,-0.021758237639971645,0.004884000476487849,-0.01688559499692477,0.008438785259321735,-0.011147545986488261,-0.024539960874390254,-0.05042017326503023,-0.06306306306306309,0.012345699268404564,0.021126683313431593,0.034216275009344654,-0.022346253228586743,0.01160541720669861,-0.028368834140619748,-0.01977607441734408,-0.02128545601120968,0.0,0.010338201604859654,0.014563069490542535,-0.01806752728373129,-0.058338232832990555,-0.02861333600173055,-0.06041665631863846,0.027120745794683154,-0.004467860427810222,0.08078600255951196,0.03531299243193886,-0.034322546154159195,-0.015465511075624438,-0.044356468880530686,-0.0002339479784767562,0.00016908319522346282
2014-12-17,0.008333279332545462,0.03395054015494203,0.05084740831330814,0.07864125416738821,0.05692310597713002,0.048963662846889466,0.03050398146380906,0.013389107286668533,0.049957611452155826,-0.0035005523966715746,0.04257528556593981,0.0886496002943038,0.0,0.02687300813308413,0.017676810855318248,0.0319020578471747,0.011031414463217315,0.0484962026195066,0.011962704637927146,0.108216525743283,0.028409017532163627,0.03162498413970338,0.049195805336756715,0.08737856523791776,0.04444440071334843,0.009737490857929743,0.018831574024450903,-0.003861000306814355,0.02487574693671446,0.03939744187934324,0.036310191802724434,0.020202000741265103,0.05698329440331862,0.05050187220965685,-0.0037397516383725904,0.03727419405504051,0.045454572296412366,0.011121094231082207,0.0510328189131124,0.059160209284170984,0.032078209316932504,0.017904539730084768,0.006289302643398553,-0.09734510712364397,-0.09615384615384615,0.0,0.03908047816573568,0.010672399433413693,-0.01142851101547071,0.05162521365712136,0.041605887330965485,0.015987821430350158,-0.01194023948362688,0.0,0.012093017039811915,0.04784689082546123,0.03600000890046795,0.03566956890816342,0.0566464562855038,0.02439016653986248,0.03684372861085028,0.03835166848113736,0.0808081031879504,0.018604583767743987,0.044628523566039746,-0.004679162222614441,0.042271052351386285,0.03629169503063312,0.00016908319522346282
2014-12-18,0.006993045998266112,0.012835916139740222,0.0075267978645692235,0.0051768304704453705,-0.009898105953150882,-0.006013756717560881,-0.0022522424387403372,0.03550798948981959,-0.008064510395189295,-0.016978864723307674,0.01195219123505975,0.012176548191143333,0.0,-0.02061857563574121,-0.022952904464674573,-0.01011747227388593,-0.020347793723391017,-0.010397956777523087,-0.06436081668348115,-0.04701631446969634,-0.00184157502040605,0.012684888439469244,-0.008115404628301737,-0.017857100266210346,0.006079021628696113,0.0062892920809685116,0.021501249914572806,-0.031007723283626443,0.005825209979801738,0.022296527383895315,0.0208332674822449,-0.005569316425600324,-0.006342418951776563,-0.007529693307012808,0.019519581366150174,-0.03144296570640159,-0.010033457725025285,0.009887805048915732,0.046242842756628155,0.027027183492897455,0.0,0.0071661012341104335,0.0,0.06862741639254155,0.06382978723404253,-0.012195141716240365,-0.0022123345324943644,0.010559601370189187,-0.005780593691416702,0.021454617806840437,0.0038541940951053455,-0.0003746807299264132,-0.003452860930447832,0.0,0.023897143780363672,-0.004566227543908896,0.011583065485235577,0.03081572522008269,-0.01000712967039652,-0.01677486329119615,0.051228913435948265,-0.007269111327675493,-0.056074713877646065,0.012683917382672494,0.005883870596284035,0.015782298221149516,-0.011133152427190263,-0.004475099560701246,0.00016908319522346282
2014-12-19,0.015151500555948827,0.1022692978857691,0.0,0.04506442827427515,0.01881806322398738,0.025641009466110365,0.0012898744883418356,0.08054215977014678,0.04715447684240193,0.013102995911753457,0.0009842519685039353,0.007518753861753602,0.0,-0.017004040484389304,0.027301606677827328,0.02668911623424597,0.028296002064673198,0.009057970889299272,0.08984572308081318,0.0853889584238714,-0.00553509398266705,0.06263059253014003,0.012121200736670001,0.010909237878072853,0.07250755700473088,0.007083336512247795,0.0048007223781287856,0.02399997711181645,0.02171784953305167,0.05779714537590408,0.059369235545088106,0.008089674585190165,0.020212784306660847,0.015465547068962193,0.02945505369695689,-0.004637609513483576,0.02027020151903125,0.017821812842386375,0.0,-0.0017543341569079551,-0.0027027391007267143,0.013260020905577319,0.006250103811431318,0.055045877754910544,0.0,-0.024691289154090912,0.04656309327103503,0.027168258847746207,0.017442050924569408,0.009967921994711526,0.02233861450326624,0.014617668110475268,0.028583808697445034,0.0,0.0685218197419879,0.09633029609926202,0.013740384733502475,0.018171241676172567,0.029963897897499203,0.006053968623537687,0.005633763371091893,0.00930141940659679,0.03564352901785339,0.08066135692380971,0.03509661061708602,0.0013224012209402947,0.008845971287923415,0.023816397228637376,0.00016908319522346282
2014-12-22,0.016169168539517775,-0.02941169945763722,0.03201704888960544,0.009034879257000306,0.016738812604352393,0.008427021001742085,0.003220624281058626,0.005904052674400528,-0.012577620716198279,0.021164056761169503,0.048180924287118954,0.03731343389805564,0.0,0.04612861095809184,0.0018540654345524654,0.004424563437306794,0.013758859781916932,-0.003590677921005092,0.04980667706197095,0.026223793858287214,0.033395233698427784,0.02062866161162269,0.020059925868951778,0.012589852755759079,0.036619751038615256,0.0161356801165653,-0.00698267441948186,0.03125006402842834,0.008502667710559964,-0.034020616002487514,-0.04290716005644546,0.018518470551362576,0.0031281355535084376,0.0068964581461239405,0.020028669306980218,0.012230544949868527,0.012053010279302612,-0.0054042781260633665,0.003314887551262524,0.01933209547734749,0.016260168957699106,0.005426111608934692,0.006211065457162768,-0.09565214855828774,-0.041000000000000036,0.07594926203493557,0.04978816609330017,0.05493387243582393,-0.03428580765141531,-0.0031723366891609484,0.0003413561359058015,-0.002585877192957775,0.016842067678345396,0.0,0.017082076536989232,0.07949789325758627,0.0,-0.009786992981023257,0.013319323575010866,0.021334757932112813,-0.02801125092714707,0.011764649537948646,0.007648176234636761,-0.00927208430321913,0.022113070747687535,0.006272639533198898,0.01235549876672315,0.009466073190872226,0.00016908319522346282
2014-12-23,-0.004283947011661016,-0.013223206284477151,0.018614329762379755,-0.0036630099188340592,-0.004541652183280287,-0.0022283452811593385,0.010593898162032378,0.034482769088259646,0.0039314328466979465,0.018422549186148496,-0.024390243902439046,0.021582748127196183,0.0,0.014173187422005684,0.005552138042629551,0.0049562049728928415,0.022812595509584366,0.021261266759923902,0.01022498025445584,0.07155026992882862,-0.002693059759507954,0.012511977847846856,0.002054584487579225,-0.003552304261477235,0.02717388663546627,0.028501660348574154,0.007771994405817884,0.00757575004991895,0.0032787657342872034,0.042689467965281835,0.04391578488877346,0.00787873701615771,0.0010394886519367041,0.004566257188401979,0.007012616014379969,-0.001150702016250671,-0.011909465370767758,0.017170242375476263,0.027533039878921084,0.01724136648036456,0.03333325873568738,0.009523785303509502,0.006172942102603551,-0.0019231163937986073,-0.01147028154327423,0.0,0.05953583871567503,0.05207328522780541,-0.02366844513706834,-0.003889742443631161,0.04300342190071138,0.0051851625795718,-0.008695481647401082,0.0,-0.0035792348534756657,0.27519389530134264,-0.00753013073325437,0.006976681776859284,0.026634419859260072,-0.0032136832189179065,-0.0057636489070713726,-0.00038759239015973,0.01138518842442049,0.03977531309032867,-0.003125006724328361,-0.0042651085178843084,0.014566962393317118,0.015342870253985286,0.0001688131461599074
2014-12-26,-0.003073211001989873,0.017867096933010362,-0.01624356805317606,0.002859464711322701,-0.015112594381810118,-0.021217237180727544,0.039390142836663644,-0.01914892461988038,-0.014724309950980508,-0.015262885789282699,-0.024038461538461564,-0.019718291319166026,0.019047583193007256,0.0225155762317919,0.02024539504000411,0.009315003156674884,0.01806888489677294,0.0003528662254055348,-0.00850202186032345,-0.0381557667048793,-0.0009000247989665588,0.004752860086769006,0.007615706686209478,0.044563206801312205,0.04497356549752629,-0.02850353550398066,-0.0014691092152393503,-0.0018797422103677963,-0.00980392490366555,-0.04196516516043758,-0.03593337886898407,0.007817262457952001,-0.015576308623524437,-0.014204569734125427,0.0027855126749594117,-0.005184293921266292,0.0005298753707030368,-0.0066239404281239755,0.006430913194784393,0.03220341504130331,-0.019354796792162676,-0.01257860465808136,-0.017382449939363664,-0.07996141471195295,-0.07067510548523204,0.011764725503115026,-0.0619047255743117,-0.054078841506843944,0.003030068267004804,-0.006034683232536642,-0.0022905659701411007,0.015475316350012092,0.019632282457782146,0.0,-0.015197648239463457,0.0851063558419014,0.010622124129381572,0.005196313751367088,0.010781650758149963,-0.011284308701445145,-0.009855028911594066,-0.0067855369654171716,-0.033771075218602564,-0.024302386357598404,0.0004822773853534468,0.011532170429555899,-0.018238308589611507,-0.014639418353311062,0.0003376547901980942
2014-12-29,0.01602960788461738,0.012068087327590238,0.018575833568184263,-0.010183299705468052,0.007816986682464444,0.006845410128534013,-0.011919296304966798,0.026030377686730555,0.014785395811599766,0.013203188359873996,0.009852216748768461,0.048850596368446686,0.0,0.02809410870248885,-0.010222494580457209,0.031487600700425,0.012201983133924177,0.01234569230194782,0.015108220039298237,-0.03636367935421281,-0.007207200086191579,0.00946075453093731,-0.012209318201885866,0.010238882012190587,0.035443064104839994,0.008557419585904835,0.0036779572066452104,-0.0018831924957504187,0.022630940441506375,0.024572684890655783,0.028181856328790778,0.003579920353401267,0.0031646056176004578,0.0028819152220236344,0.008333325441236772,-0.006369455685573344,0.007280833243980656,-0.014304191413940459,-0.009584680436342086,0.004926120399459943,0.015789411207388637,0.03503185970806744,0.047866760996736035,-0.03141365740223345,-0.014755959137343955,-0.0116279261438621,0.0020304064279002,-0.003875965410453319,0.012084529860669102,0.0053570554615205435,0.016726803303059867,-0.012336725659521486,0.04383466771442457,0.0,0.03563406657312207,0.1512604368565571,0.0142643513818832,0.017805828182615446,0.020000029417117204,0.01902176025684521,0.05942622157895561,0.01503020141576994,0.009708682130449064,0.019833962136666772,0.01711249142526161,-0.0022801391328283183,0.017786591956899134,0.00895403330342015,0.00016908319522346282
2014-12-30,-0.011529043203068023,-0.04200547626145723,-0.0030395108143480565,-0.021810650038562973,-0.014076377227943082,-0.006798869081262593,-0.01422830082797688,-0.011980281921145863,-0.006110035255757262,-0.008498562140068944,-0.004878048780487809,-0.010274011526394844,0.018691612898988463,-0.029542155811491333,-0.07047381277390619,-0.010526368866324076,-0.006301441824878462,0.0052264674056723415,0.012872113221250148,-0.03087475655131733,0.0036297604529451633,-0.014995376216022649,-0.004414392258903721,-0.020270380792016485,-0.00488997070424535,-0.012525230947166954,0.01502379703043788,0.0207546514563417,0.014292090734076668,-0.00104281153266228,-0.014146843072517568,0.004161694179207309,-0.01261823161181952,-0.00574715788100677,-0.00550970894654168,-0.008158524676502688,0.0049941828096011776,-0.007092215407656255,0.026881719878786958,-0.0016340953757232324,-0.04015534061321757,-0.01999998826246996,-0.020853951293623774,-0.010810767797754361,-0.008064516129032251,0.011764725503115026,-0.02836876760058149,-0.024319066779561416,-0.008954963100611613,0.0,-0.01935485101515244,0.00918442344990611,-0.0051020601797675535,0.0,-0.03793007816793059,-0.17518241400363355,-0.017024470815634074,-0.04006766997657685,-0.033006555140313365,0.004800008138020839,-0.03398727798545842,-0.01519225052397366,-0.028846081544659063,-0.009045714944296068,0.0023696735123228674,-0.004244221519398739,-0.08699028237352091,-0.011602166264774505,0.0001688131461599074
2015-01-02,-0.01657461280473671,-0.05091933128947568,-0.03353655367540054,-0.04711825063796282,-0.0037879136030229965,-0.021677166769481837,-0.04769376899082112,-0.03138366647545654,-0.01986124951241508,-0.005142865862165169,-0.02450980392156865,-0.010380596575101375,0.0,-0.025875118047308243,-0.03267973815469505,-0.055319056443595804,-0.0686517582607109,-0.03639518650001794,-0.015091419855425614,-0.10088498443189997,-0.055153760145399966,0.013320726112005854,-0.036062661168638654,-0.02413779121873194,-0.02579858797627621,0.01677577080412762,-0.007220221272934646,-0.025877979747553015,-0.020454270704358568,-0.04279752188333252,-0.02959640672611552,-0.04144457554094627,-0.023429246845308227,-0.02225436417430926,-0.010387766254300268,-0.0011750411443013364,-0.007453909303960393,-0.024945040061239765,-0.023036676715697535,-0.0736496274570485,-0.024291613179971194,-0.04489796822758452,-0.049695852369823657,-0.010929007172281069,-0.020905923344947785,-0.023255749264465497,-0.061522434118906344,-0.06679961058139239,-0.06927717165137781,-0.005328510336122694,0.019736854901274414,-0.026210387016808778,-0.014201237605168227,0.0,-0.010982815733640794,-0.011799454509568319,-0.04216862738497962,-0.012345737154354719,-0.07401153755793277,0.0005307977070510006,0.024027439640845083,-0.010740166468336088,-0.051485191893428706,-0.028753955506805484,-0.0023640714348623915,0.009836022659704069,-0.062101275100273745,-0.029895814585957914,0.0003376547901980942
2015-01-05,-0.018102428666710968,-0.06259321242562299,-0.027339766172300384,-0.020750521910383624,-0.01286925771650882,0.0014578062856112073,-0.02998352013094907,-0.009573033023197342,-0.018977182498762568,-0.06031012327760721,0.012060301507537785,-0.006993033575937835,0.0,-0.025781289227307713,-0.07297296687753818,-0.01295052068167446,-0.021610336746849312,-0.05935250589254104,0.047580683463298135,-0.04921259916429599,0.025837364850885836,-0.06948356083903906,0.0012266749527056753,-0.01943470625570831,-0.0176544602164167,-0.022132842493608473,-0.03818186473831242,-0.06072109541167736,-0.05568448012204841,-0.04580148670557882,-0.04713486964805358,0.0018529202166341907,0.003271587773332474,0.005025170314135297,-0.024492666434443477,-0.04117655270422227,-0.02779974857638956,-0.030767492561759258,-0.08896033552981664,-0.07597177261482047,-0.017980626906126895,-0.010848123697515089,0.02668093005342609,-0.07182318994077175,-0.07473309608540923,-0.059523798222789526,-0.08111106024848092,-0.08547000709448127,0.003236073321757349,0.007142779550562306,-0.0019354666433026857,0.008971954060492005,-0.00680284663441566,0.0,-0.0415716731530712,-0.14328355931524017,-0.007075473171585078,0.0,-0.08759122698371569,-0.0037135115866114843,-0.03072632334794112,-0.026648138258642873,-0.060542790013058734,-0.015037668789816938,-0.009478694049291247,0.006818208714165497,-0.0598639338093776,-0.020510389182058053,0.0001688131461599074
2015-01-06,0.03814369986843791,-0.1414943783396987,0.009729721453869855,0.013976531184719754,0.02666673428939803,0.032896564336027945,0.04245923836020116,0.044609811805288446,0.009016400066037322,-0.021393665550859975,0.014895729890764597,-0.07816899095681673,0.0,-0.008821261973890548,-0.06705539784170722,0.01825475890079975,0.0,-0.03938809920926356,0.007313411783670398,0.08074531524761364,0.02798509172220509,-0.011099957099873548,0.020214389776611608,0.009008943966323013,0.039794662533343406,-0.018106939939237954,0.056332729076170596,0.008080800685720702,0.024570086152847948,0.10514287205287443,0.09796306829297574,-0.022811279133663875,0.007608604227348437,0.01617647536473288,0.032998610734527256,0.042944874596417826,0.011519140059845778,-0.016162783959029037,-0.005882375380572125,-0.01529646564369913,0.02676066857457049,-0.004652688233250046,-0.007276446404594461,-0.14285715676607935,-0.15256410256410258,0.037974631017467786,-0.025392989906044106,-0.03271035898594565,0.009677524867757192,-0.007092122085956776,-0.012605083718979615,0.014820289808164855,0.029008979740587915,0.0,0.020202041124527836,-0.04529620591815042,0.007125892230888331,-0.0029761451982837084,-0.13759998677834262,0.0015973790308860814,-0.06253601711249146,0.0014195317425869103,0.04888884226481127,0.04007634490834344,-0.05526307792432139,-0.01483382274063183,-0.05836946990796332,0.010185828229896776,0.0001688131461599074
2015-01-07,0.014084479075988199,-0.04777781168619788,0.03961445107753603,0.04401955452171813,0.0441557979638989,0.039740722544254314,-0.01596610500460549,0.02633455321342537,0.04467915519235954,-0.0006246239062380754,-0.0009784735812132794,0.054239880051231815,0.0,0.0,-0.01484379150206161,0.0352938521888182,0.05234480002643904,0.014729256350457076,0.029040923073742952,0.10919543957308275,0.02631578491893083,0.07959189906842234,0.025217613313418985,0.03571428571428581,0.03456786664007372,-0.007544019303071137,-0.008589806985642712,0.05811632304448011,0.029736353670013704,0.07342298998391339,0.07332155000724527,0.05993683487234902,0.0377561942286222,0.03617940046641932,0.010416620376485053,-0.002352962350179677,0.01701495503608652,0.028365414820606283,-0.005917182469050486,0.03495154526973221,0.021947882090247894,0.04273785464742841,0.014659562328789288,-0.016666668559827458,-0.013615733736762503,0.04878045881618087,0.048387018529086445,0.04710149225847937,0.035143663279674,-0.011071536074301447,0.0016366987122056198,-0.014238751308473185,0.017227750571297218,0.0,0.010483330493973098,0.01824817543653756,0.04166666666666674,0.020895545162371798,-0.012059393279393094,0.0015949328813020802,-0.007070422706902502,0.027136511624280546,0.059322080986147885,0.036697301486559475,0.04963281764236904,-0.011456672181474392,-0.03125003053516562,0.03045769879794169,0.0001688131461599074
2015-01-08,-0.0012076419722215626,-0.007779067148466989,-0.013388176002450236,0.0034071518426628256,0.002211165941934601,0.005150440857741634,-0.002980137427623375,0.01456300859954851,-0.017884938259017047,0.0025000572204589844,0.02448579823702257,-0.028985548309857667,0.0,-0.008090514702236873,0.07850917936133772,0.02056279918822046,-0.00920068863225365,0.01216161117010417,-0.012254079293350095,-0.032815208717143274,0.007957488556540993,-0.013232500376006318,0.010248927151289555,-0.018965430884592016,-0.03221962459145922,-0.028716228733626892,-0.007220221272934646,-0.007575840359983155,0.0013972339044898696,-0.02312141471862017,-0.033744844467880286,-0.002380893452094579,0.010394971639630768,0.015642459526739483,-0.0006873206535061849,0.01415095539677691,0.0011856643813348278,0.020802245204374792,0.06309532270410267,0.018761712236797345,0.012080523776849317,-0.007364698866718533,-0.0030958103280285254,0.009887035670538502,0.039877300613496924,0.0465117045754484,0.0674556995697857,0.06459047993247058,0.00308662644062907,0.0021669066138370052,-0.006535972563600612,-0.01703700312861689,0.0026944865338665025,0.0,-0.017002806280434934,-0.02508956505956017,-0.01660381036276226,0.003508740620111306,0.016431965333753018,0.009554156248297918,0.023219943279025435,-0.010252327887414148,-0.050000000000000044,0.010619458719785868,-0.027020564987229267,0.016887400281109022,0.031200431377509164,0.00970422335887422,0.0001688131461599074
2015-01-09,-0.002418434904062905,0.003527996921624421,-0.026095937309543515,-0.04329365762038828,-0.03502484737192424,-0.04341962428971613,-0.03254737395282703,-0.020505734299196887,-0.02169440564632663,-0.02182053087074498,-0.010516252390057379,-0.01865671694902782,0.0,-0.035073349432140466,-0.02352945878843815,-0.05461279913648742,-0.042948512236850145,-0.031007723283626443,-0.00939852439635469,-0.04285710271523857,-0.05350874360431679,-0.03448276180991372,-0.0768116235482641,-0.021089578774307505,-0.05672004695229316,-0.008695685345193604,-0.05454544665452332,-0.06106864671788603,-0.0511625731660077,-0.04536495649721395,-0.05366270244662141,-0.0167064846552325,-0.034979429588621214,-0.04372930579534606,0.0006877933881070941,-0.07267447462425192,-0.03552623330889815,-0.009232194464522947,-0.023516240870143923,0.014732883686877196,-0.04774544592201302,-0.0183870869298135,0.021739054889424958,-0.008391666303497525,-0.01179941002949858,-0.03333338583703471,0.029933424654869256,0.03033593721908967,0.009230498298008927,-0.02990992237524237,-0.015460503922769986,0.009042945095670607,-0.015355051112115436,0.0,0.0035180061243873517,-0.04411767387060073,-0.009977012542279562,-0.023310001287126902,-0.060970047810072314,-0.006834966613377236,-0.010287484069671393,-0.012151458293748862,-0.04000001204641246,-0.02145358002822273,-0.008182512582444179,-0.004558712570027601,-0.02564102564102566,-0.02208517710189617,0.0001688131461599074
2015-01-12,0.012727217240767086,-0.11523429991211298,-0.02893888013026391,-0.01730263004241528,-0.016861992556797323,-0.017761451957012175,0.023000346570429153,-0.010467655517581775,0.008255134404425934,0.019120471558835783,-0.048309178743961345,-0.0038022234609110805,0.0,-0.03296714143298496,-0.08734938785669522,-0.018508501183797987,-0.03062443171653384,-0.06239997863769531,-0.07058824568207855,-0.016791072825753872,-0.02224279628977377,-0.009920747626667503,-0.02825743038813644,0.0,0.014379102240928976,0.004824588334755742,-0.011153931358685143,-0.042682933920838106,-0.03431397761895072,-0.023760242093636252,-0.026102607634081565,-0.013349473268531309,-0.017057454077663237,-0.024158867542405704,-0.006185525386090629,0.0062695878508673974,0.01364254974027257,0.005681861776952735,-0.07683486878174561,-0.032667785921239645,-0.025069613260960022,-0.0046007028670527195,-0.007092245317202872,-0.1438645610932322,-0.15970149253731347,-0.0229885432051794,-0.055974112618363714,-0.07045216195254733,-0.042682637825711356,-0.019316515517803445,-0.027731370372305775,0.008215060034117094,0.045614018128290024,0.0,0.003505673144793775,0.09230767763577985,-0.020155035894412587,-0.01372312285771804,-0.11952774888201001,-0.011116945011005908,0.06083759548947176,-0.019157073729125673,-0.039473647060816464,0.01297534690062685,0.006250013986604186,-0.0055611909447398356,-0.10315784655119242,-0.014332514332514368,0.0001688131461599074
2015-01-13,0.0,0.04238406446888732,0.0022072665878147824,-0.005869036704535535,-0.010174381616223416,0.0031572129043719865,-0.0208053338173817,0.026093124610512053,-0.025044183754236227,-0.010631649701521972,0.012182741116751217,-0.01603053679632127,-0.08256879677711115,0.013985975053170785,0.06765674113588438,0.02742891502918643,0.015952573820311455,0.05802042116112127,-0.06002448248450187,-0.03415556527326158,0.0,0.02104206439168932,0.00840065352111119,-0.008976680823921224,0.019329847178611193,-0.012658184640340298,0.008946030155017937,0.03184715374788949,0.030456802724296628,-0.028571446736653683,-0.0231053610953047,0.0,0.0032538458962880767,-0.0011788818534572698,-0.008990345913902575,-0.006853553089878894,-0.0033648049190725393,-0.005649760618048227,0.03229816431322363,-0.028142658328207837,0.022857153133349906,-0.006602864209123482,0.027551050337095706,-0.003294893248934949,0.010657193605683846,-0.011764621267816078,0.0068414438780637354,0.02828054249827283,0.025477570533853244,0.011363699713789144,-0.014776642595839884,-0.024814817640516518,-0.02125287894454231,0.0,0.002620000555405344,-0.059859115437509214,-0.002373365992525911,-0.05626135913757846,0.0167598015756385,0.01713060436811409,-0.03458214187200126,0.009662843943580857,-0.03652975344035825,-0.0057420125561504776,-0.0009937910300192865,0.0036185170784561738,0.01584498450167393,-0.0020357291233901176,0.0001688131461599074
2015-01-14,0.002992288877839755,0.016094799348496336,0.01982385326477698,0.007266114626973019,0.011747499955115925,0.010586634673917183,-0.017135023809828898,-0.07903779286968038,0.01728964364777008,-0.06005055800196668,0.012036108324974926,0.008533720228659947,0.0,0.005172565975235965,0.004636817740524268,0.043937340367042665,0.006773195105700847,0.011290350615296818,-0.055169409994485386,-0.02750497821725484,-0.0037914655099395844,0.010794954704456128,0.05414928150144571,0.02173907595489455,0.015170655862697835,-0.053934623140556526,0.0292983442694863,-0.06172843261177541,-0.0054188282205729355,-0.03812641327290278,-0.03500472055266557,0.002459963567999379,0.005405428852584215,0.006786683587212794,-0.01953940989386227,-0.011292386900796703,-0.008777820077115694,-0.016590877731968212,-0.08182915413223846,-0.06177609466105838,-0.011173189268575245,-0.005982063950248917,-0.0119165733606299,-0.06446278265770178,-0.08260105448154653,-0.011904780739795173,-0.03737258511408348,-0.019802013438309563,0.0,0.007116095097018604,0.024764530261013995,0.025826065596131986,-0.009142704496814535,0.0,0.0214867004554109,-0.08988769502996397,0.0134813583120168,-0.01217952111612175,0.02967032918591661,0.014210550408614298,-0.007462613593397616,0.008144969858781215,-0.030805602859486414,-0.08040868269828061,-0.030091977893079158,0.016060289476282685,0.02715200665533568,-0.008242787560884257,0.0001688131461599074
2015-01-15,0.0017900170785085656,-0.052938708510989474,-0.004319573849627556,-0.0063119651813425826,-0.007256998717591223,-0.010192563081009243,0.019874466135251456,0.006716439339998326,0.004855949967388584,0.006724975268280975,0.01090188305252715,-0.03230769817645729,0.0,0.019725458940916374,-0.030769201425405623,-0.02024458372933413,0.013761639847369223,0.051834100518946435,0.046896508289770544,-0.016161601371441514,0.016175078267532284,0.03203891076627885,-0.0015197191733469229,-0.010638271779210173,-0.02615187649976569,0.007943928940388423,-0.016853876834206805,-0.010964849676561195,-0.04457645680406708,0.016987614980689125,0.011764694882648863,0.046012272092305295,-0.0021506877912940148,-0.008792489938374115,-0.007117431079635694,-0.0006344924191316048,0.011171640756480139,0.007048748671065752,0.02490171092669513,0.06790121142212091,-0.028248526043230582,0.017051161199720388,-0.029145649808125507,-0.0035335691598863406,0.0019157088122605526,-0.012048212062708341,0.08823529411764697,0.044893443216025286,-0.00931694538330008,0.01152843991996444,-0.03846151099539774,-0.012217694221016151,-0.00038446897855848317,0.0,0.006253496360182131,0.01234572649498844,0.03286383151939676,0.016872175954336432,-0.05496262407135455,0.015568200826880707,-0.019548886995498393,0.003029697439979717,0.0,0.011594191414130428,0.005897448788879656,0.0,-0.038807677582142874,0.007975485874994748,0.0001688131461599074
2015-01-16,0.007147047369949311,0.0739437227174935,0.030368660065988262,0.011796656566834818,0.0026316143208553466,0.00972542123914022,0.035897409814035885,0.04373606051569734,0.024484536581593552,0.018704056645068023,0.00588235294117645,0.04610492267278077,0.0,0.04205210807165982,0.06666660107002254,0.023381963272224526,0.024132579838884505,-0.017058334719740165,0.054018530893678474,0.05954824818640314,0.013108556708616437,0.05174026416637156,0.022222207706631858,0.005376458988129329,-0.011508970666527452,-0.010199319261338768,0.0019047858073042434,0.015520995847393415,0.021254626791364917,0.04899771978063705,0.041666697470101655,0.014662757254357617,0.018319100252707443,0.015375534890801346,0.0,0.002539705547323301,-0.0002694593859663419,-0.009523808898500574,-0.012787772285749344,0.0366088963129243,0.01162783517156174,0.01906640112595026,0.04554860972650632,-0.07269507698369027,-0.0573613766730402,0.012195141716240254,-0.002162211650126644,0.013963389356319134,-0.018808607185982096,0.0036764909231219445,0.017699115044247815,0.012743633759326967,0.03346138000488286,0.0,0.016949219305675278,-0.02439025903112113,-0.003787921545962636,0.015954052251614614,0.025974033328123758,0.014307649004182688,0.07361964812470512,0.013894528729200717,0.03667472198879085,0.04489009564159918,0.022176844966467657,0.0,0.05383265465650866,0.020634656227876524,0.0001688131461599074
2015-01-19,-0.01833231630630827,-0.032377048123110264,-0.0547367256037512,-0.004484236661089436,-0.026246714480844147,-0.02096319689717563,-0.023102273043447363,-0.0156249276834588,-0.006446551372259801,-0.0773770691918545,-0.04775828460038989,-0.05015196467056926,0.0,-0.06376111607811497,-0.02157737878774224,-0.06216758990467519,-0.0603827950103617,-0.05129193629205542,-0.0387500035596432,-0.0658914119777062,-0.009242091554147236,-0.0384614520957437,-0.06313285559211201,-0.03921583966197506,-0.045278124679037135,0.0,-0.06235759645321681,-0.0480348894883017,-0.030456864370006387,-0.043524443692965264,-0.03255817502043967,-0.01618490125115457,-0.04550270400388057,-0.03610944835140606,-0.006451569238636323,-0.06586450740905914,-0.0134770748891192,0.014828597476267413,-0.015544027049267939,-0.05947958703971745,-0.01580454832649658,-0.032258064516129004,0.019801961687332836,0.04015300747429462,-0.0040567951318458695,-0.03614463618812491,-0.03791976653886264,-0.028601643653716424,-0.031948715011904216,-0.005494535773783893,-0.0052173780358355515,-0.005181395063849625,-0.028284351922018502,0.0,-0.0386111242180166,-0.025000015894571903,-0.028136823248001708,-0.050251268021419326,-0.034672553916631044,-0.012594458196251712,-0.07771426882513177,-0.006951382502404013,-0.03301883821769058,-0.01051186247980962,-0.007481313458423733,0.005161310551195841,0.0061077517464525055,-0.025684966440214674,0.0001688131461599074
2015-01-20,0.01807224278111641,0.02880132830959825,0.020044525867846996,-0.004504521533020278,-0.008086215271753794,-0.0031828626912302482,-0.014527037149802635,0.02741701384784201,-0.03766418100846192,-0.06538735581013377,0.008188331627430934,-0.027200012207031277,0.0,0.008620832370744402,-0.008364993145873578,-0.02266310636108304,-0.005015822283253257,0.044715461967972825,0.028175064284933216,0.051867218069793,-0.011194018896451219,0.04465107731508078,0.018753978695412288,-0.025974051259921582,-0.05284557415651192,-0.005620648107226733,0.016626094323172635,0.03899084199268499,-0.027748745427325305,0.019977794522648917,0.004807710823928835,0.016451161678386006,0.019955687315053705,0.0033232177251776296,-0.01154407587372086,-0.016271201134804847,-0.00273223754787133,0.00011411431419383611,-0.026315764707210976,-0.01383396474901677,0.032116762946382105,0.0,0.020388381750176432,0.01102941259378265,0.050916496945010215,0.0,0.0011261518865943732,0.015267212885273551,-0.019802190618130155,0.0069981489730932545,-0.0003496583478479476,0.000744064672177025,0.016085950009501415,0.0,0.025715115049304238,0.01709400107056047,0.025039172651220687,-0.0013227185344397707,0.000570152939580959,0.008163257362146625,0.028500633808333564,0.01460003654687192,-0.02439022120941492,0.004157051001093759,-0.010050166760218637,0.012516015440392492,0.007174346288391309,0.0024917291343857784,0.0001688131461599074
2015-01-21,0.011242635405108947,0.016879329373366447,0.04585148900095093,0.02533934191294973,0.04619567885743714,0.024383207710436006,0.040452530068203485,0.013342617562912995,0.020062480662198734,-0.002281348581099407,0.02741116751269046,0.03289478431117887,0.0,0.0051281078441722805,0.04524541060689158,0.030724623948511054,0.01732837527744424,0.004280105048150462,-0.05522768333076877,0.0374753551848892,0.03773581171086837,0.012466681186035888,0.009048375837552136,0.03047620795604966,0.02145924181388592,0.04145082840743841,0.03510176248146668,0.03532005298050045,0.0226170625893527,-0.005440676134436884,-0.0028707878965311684,0.03757234419331379,0.04021726408355897,0.02950912870264455,-0.02919705346368706,0.019986229118116094,0.003424629803360002,0.007875797704872456,-0.012162182625407358,0.0020041412897504607,0.011315347894218064,0.065000025431315,0.02283537320883111,0.08000000594796686,0.11627906976744184,0.0,0.06411694857271222,0.06337262860594639,-0.013467943734168486,0.012070198070873728,0.021336152749070525,0.013011166781899286,-0.010554223614768099,0.0,0.04535215934861925,0.08823531297428278,0.010686991180062666,0.025827773496418738,0.03361814069198554,-0.0030364101845852254,0.054216833579326495,0.029568282944921975,0.019999980926513672,0.015639381608438807,0.00989839038776541,-0.010776430331030262,0.06027399350519058,0.02813459489942982,0.0001688131461599074
2015-01-22,0.011117643789420706,-0.06882590905537012,0.042797608955003064,0.00838484268918993,-0.002308872309559007,0.011051249563183152,0.002306414956981584,-0.019403890842397464,0.0012897053756804056,-0.018292665641127526,-0.0039525691699604515,-0.00477710331306902,0.0,0.0051020265815791,-0.0719002558827816,-0.028121348131249335,0.005574535678778858,0.05230532388236275,0.0026773661818173533,0.01901138788616108,0.011818192221901613,-0.010554090830112939,-0.010204079375841668,-0.0018484684402052531,-0.02380953494017668,0.004975065579664983,-0.010019174242769213,0.027718574169477206,0.04160122928274479,-0.004376351217172725,-0.045105591515117616,0.03955426486323943,0.010449367644780105,0.00497225846655569,-0.007518789875910925,-0.020270255496180334,-0.01023892129290982,0.025141555837935314,-0.0930232330590226,0.05199999846542025,0.01398598423213282,0.04600930738352238,-0.037209365415600604,0.22053863245777983,0.19791666666666674,-0.02499993078124718,0.03699792601039831,0.03333332691128388,-0.0034131153838016237,0.03108057697972133,0.01232872238345406,-0.02201836262274226,-0.005714308384490052,0.0,0.01401232981179068,0.011583055939295983,-0.0037764025185620387,-0.013557136297608463,-0.14663727461025433,-0.0015228774357179953,-0.0008572066606131745,0.004595085850816583,-0.002450919664624518,-0.007699278844264246,0.00025131999237681946,0.008330615570338873,-0.1503875860487751,0.0044490492442710305,0.0001758284806949728
2015-01-23,-0.014467592017702091,0.026521809330965818,-0.017017072775375564,-0.0026257971527667845,-0.009545882681148532,-0.008688369338951785,-0.008875754670825242,-0.05653725306669599,-0.007406173372565883,-0.05822981314721476,-0.029761904761904767,0.004000015258789125,0.0,-0.034686834128137556,-0.010276613809234725,-0.03761600520837516,-0.02340632592684,0.005154616731773531,-0.13796170952392728,-0.06716420234086118,-0.011680153917720593,-0.035555530760684295,-0.00812246894395019,-0.03703703703703709,-0.017216626853841288,0.03285335158161873,0.0019462142063972898,-0.05394195427844106,-0.04701752399738501,-0.018681380424276917,-0.035175822563283,-0.02733120220001317,-0.007238796712209061,-0.009604171889397106,-0.006818215052286747,-0.024137913077434625,-0.000827556244657357,-0.010163458856769059,-0.09502264005526995,-0.04752857188181836,-0.031724027963799695,-0.031717463096055054,-0.02415451788368017,0.0013793951440281838,0.0028985507246377384,-0.03846159962524476,-0.029561666610444237,-0.024437928757262584,-0.03767120525968359,-0.0010514388847135958,-0.016238144482693895,-0.004878017359377762,-0.006896484239918954,0.0,-0.041456261424204555,0.03816793781985406,-0.0022744758636396023,-0.11649213115693369,-0.008397885191090082,-0.006100703546921826,-0.013440051984339285,-0.0005717880396649555,-0.019656058661043696,-0.0634413235658976,-0.0025125684650809665,0.011757116916888632,-0.012773782542539691,-0.013510507048520526,0.00017569178828602539
2015-01-26,-0.002348849906900541,-0.008047520852689116,-0.012219948586073337,-0.011408522090259887,0.01109812925595155,0.016115400940860614,-0.00597015945118462,-0.054681541787405585,0.010543356154152361,0.01319042422939698,-0.03885480572597133,-0.019920318422350647,0.0,-0.014022830688365406,0.04153350519782961,0.009621050552458321,-0.00504557586673271,-0.0054944916748072,-0.15178113755094036,0.003999996185302779,0.0009091117165305196,-0.026728209188092267,-0.023622062617355444,0.009615407548963617,-0.026277347568558596,0.0008713965032773885,-0.020590577406210064,0.006578993461579419,-0.02917779214466354,0.0011199512458566208,-0.0010416904671315397,0.0011019536189549317,-0.001041654138583481,0.011754287157500487,0.0053394706411933335,-0.01413426484330671,0.0028990401003603505,-0.0016741454530011524,-0.0033333301544189453,-0.021956014840396776,-0.011396016079140425,-0.014215110727598068,0.004950438489072395,-0.037190112902097505,-0.06647398843930641,-0.13333331758222167,0.002100788143664989,-0.01503002258621966,-0.010675930792003685,0.008771863386653811,0.019944976796001823,-0.004902000975538279,0.008873491593003102,0.0,0.023010782957570974,0.0036764143866254706,0.025835854904539435,-0.01851851851851849,0.01628658195939292,-0.012787724284207602,-0.0202898388973215,-0.008581253853507831,-0.002506263268008846,-0.045808991865883275,-0.0010075589468689916,-0.011934487140858985,0.04497840806074005,-0.004059456688877527,0.00017569178828602539
2015-01-27,-0.0017657849940944104,0.0038428965966712525,0.018556684610984142,0.020861043010667935,0.010976312718646408,0.001669432695469153,-0.013012992945737434,-0.02614905204737783,0.0017656513812078778,-0.004882052058822972,-0.010638297872340385,0.0,0.0,0.018666655915681174,0.008435556518331166,0.02382382762386004,0.02091900010227299,-0.023941054425895447,0.06025562811369367,-0.045816737041309064,-0.0027248579493039937,0.01704550338086519,0.00806454714081517,-0.003809423776270582,-0.010494778239983349,0.001306081303540374,0.01864346229452063,0.0021785951442812035,-0.01639341868919142,-0.016778593626940896,-0.012513022278388575,-0.0005503703269039706,0.0,-0.003775725990550205,0.01365704310152771,-0.010035862652284067,-0.013902347359632028,0.000558962982295963,-0.04682277741058127,0.03469383081377142,0.007204595051211182,-0.006583043479118755,0.01477836381721409,-0.08011445624333746,-0.07120743034055732,-0.0615384258887568,0.01048222032176005,0.03153615686904554,0.00719420605217036,-0.01600002093156616,-0.002022908504755727,0.02690416855787392,-0.01720847990196328,0.0,-0.013550145509558242,-0.051282038741954694,-0.01851850625486695,0.039245317567069504,0.02564110805854214,0.0051813671203522205,-0.010355063667195408,0.010001886397165372,-0.022613043652764286,-0.02962205954882735,0.006051450874684283,0.016846774492286665,-0.008844317607752838,0.00028820223562586733,0.00017569178828602539
2015-01-28,0.004127453181111296,-0.049340662550168335,-0.022267114739192295,-0.043043468309485355,-0.0225713904848458,-0.020833331925423137,-0.022650442123801073,-0.029292117745164714,0.004486452128168894,-0.022076820457507917,-0.016129032258064502,-0.022764205579614893,0.0,0.023560099866455797,-0.044866860534518826,0.0005817763092270667,-0.007140425958516272,-0.026792418281986974,-0.03846149351291139,-0.045928975353591195,-0.0072859678543995,0.0009311362820483282,0.033600006103515545,0.0,-0.030303001841675226,-0.00652172254479455,-0.015186959431944369,-0.010869503246587309,-0.07277746510193506,-0.007963701760428488,-0.016895442756128753,0.009911911161245568,-0.020855062426519577,-0.020408219908691905,0.002245467605653362,0.006517040153039666,0.005025041714908918,-0.01508376116550214,-0.07719291142222462,-0.03944770265172792,-0.01430612029891487,0.024928967966715287,0.009708728964675117,-0.040435462644240694,-0.026666666666666616,-0.06557380263638735,-0.10477180424390986,-0.1015779735474831,-0.02500003861632727,-0.01378570531781742,-0.02398651968483645,-0.008118126110933765,0.008560345146138904,0.0,-0.02500001523621398,-0.06563702241812186,-0.0007547254683297755,-0.034132189644468514,-0.025000078348145327,-0.005154658940003776,0.02391638478571312,-0.008569735992086991,-0.03598974322074566,-0.005789505807976991,0.0025062712868806347,0.009690410074225442,-0.020226065638892066,-0.018439628737832114,0.00017569178828602539
2015-01-29,0.03699349003905983,-0.0022371663915945472,0.019668644084675835,-0.02089963593992472,-0.00730776769022734,-0.013617025858186693,0.021099986633385193,-0.040234572556491766,0.003349842294745775,0.03511706312327223,-0.0043715846994535346,-0.007487533208017427,0.0,0.05626599412303124,0.031050905781764282,0.020348853731559036,0.029393156464263104,0.009693679376703068,0.02268651108424291,-0.03719914002369573,0.011009251691109556,0.0037209006544853818,0.01145508998566691,0.007648255581160779,0.015624984866008385,0.010940918854545734,0.029260798021077727,0.0131868000581008,0.014379711017455055,0.025229541270231692,0.04403864972424887,-0.0005452687458361583,-0.006389873871630147,-0.006845259109247048,0.0231516239895726,0.055395654573524356,0.0,0.008167887878278934,0.14258554512638,0.03080069922632922,0.018867913037440953,-0.014778311237724773,-0.0019230751772603139,-0.038897896897787554,-0.046232876712328785,0.017543888282548714,-0.018539958898074138,-0.0482985287557941,0.04029300353976417,-0.0189964266527185,-0.01834540638608595,-0.003348149108970855,-0.0007715123028231297,0.0,0.01718796769038544,-0.028925650449212137,0.012084578091643428,0.014285682530716048,-0.025640979487216442,0.010362734240704219,-0.03795631522272158,0.009412225929684048,-0.05333334604899087,-0.0444679819867122,0.0,0.02260070767837874,0.04310874447004953,0.0014047594087429616,0.00017569178828602539
2015-01-30,0.00169879314296284,-0.06950676025761782,-0.06599000805806454,-0.041299277083864716,-0.013545344541615045,-0.029910852883222483,0.009146356828482416,0.02183397829195388,0.023529376536156832,0.005654256395568602,-0.01207464324917673,0.022631977970043904,0.0,-0.03874081297915377,-0.05250960320593645,-0.0398860716256807,-0.0492100382149252,-0.05798771796438151,-0.01809676844572683,-0.04545460949259217,-0.019056264013040614,-0.022242909730793126,-0.046831919132386934,-0.02656557739631793,-0.05999997945932245,0.02770560082595619,-0.03956983630802824,-0.06073757086746401,-0.030715010308586144,0.036912610276231606,0.014403228992012407,-0.007092152826387865,-0.020364436087559556,-0.014084545616381505,0.0021898172959731177,-0.03476484025605775,-0.020833264103163107,-0.04984811821501012,-0.03660570027461374,-0.00996005736332739,-0.01851850744930439,-0.020312488079071045,-0.002890221313456953,-0.10286675525050237,-0.10053859964093359,-0.08620688206599314,-0.050767448833460405,-0.042675880311784375,-0.04929585448680296,-0.03544031532137082,-0.030324421433110205,-0.017170622474845687,-0.0019307007945101873,0.0,-0.029916873918566456,-0.09361705374210438,-0.07238805992277919,-0.014084476175461935,-0.10263152130396658,-0.0025640634390023953,0.018816424118092145,0.0070408704354265605,-0.05633804235778117,0.031025008141895682,-0.022499943787171683,-0.028761841874917593,-0.03259601024417169,-0.017880323269544807,0.00017569178828602539
2015-02-02,-0.011305865285555106,-0.013493964275127057,0.013043546879466739,-0.022265202704262133,0.02537309227531903,0.010376514051567032,0.0063779328925750445,0.042734972461647036,-0.0027958674991857,0.03293171515609128,0.02777777777777768,-0.0499999726404905,0.08999998745088589,0.047858844916366605,-0.006520038663059058,0.07774494780893604,0.05495179429897634,0.020383203669138483,0.006539707603036904,0.0380953170274696,-0.0064755454006741875,-0.018957289149111656,0.013166309664075504,0.0058478923132343485,0.016366596145235945,0.0,0.07400007332884706,-0.041570399886880605,-0.012797005819895402,0.0226537676181513,0.03955378873250193,-0.00989012624341834,0.009846799393759209,0.012766017535883467,0.021849942715291393,0.05932208730631028,0.017588713901093955,0.016935128707750602,0.04490504846197374,-0.018108696176577066,0.021770633753838364,0.012121185203915141,0.016425157300530513,0.09398496963018554,0.07784431137724557,-0.1132075597864004,0.06592036511018073,0.05903611564553235,0.03333333926615811,0.005681849856894461,-0.025454573197798314,0.017850334778441557,0.0019344356108810246,0.0,0.00485441945105225,-0.028168943455976203,0.0136765831757657,-0.002255618988042607,0.05571844208490573,0.017994779454610033,0.012809039487669205,0.029100581046274332,0.038806005415446876,0.06071999590037924,0.007672651000126374,0.02680808572515314,0.02587234513322567,0.015839515647650737,0.00017569178828602539
2015-02-03,0.0034305012422848336,-0.0791402059293762,0.027897051043022536,0.03217819772179498,0.016011677576724948,0.036385025206392196,0.00933958275252933,0.03442634139682732,0.009034268748943086,0.016329707912389857,0.028108108108108043,-0.01639348848629585,0.0,-0.020032034181340586,-0.03773585348495212,-0.007709062689387647,0.0003029821751867612,0.022373130266878594,-0.050206733558244565,0.04357799344086444,0.0018622400549259677,0.029951687936873528,0.0009508782909792846,0.036821755590545235,0.02576487060052446,0.021482739418653862,0.005586484404268122,0.00963854480333115,0.01975315323973348,0.018987334150855517,0.03902435302734375,0.0016647490862826686,0.03250267703234888,0.02791124520711552,0.017106185009694075,-0.06666667974188478,0.004599875385301155,0.023873266044151853,0.05785122208236748,-0.012295112575810174,-0.00994313038437844,-0.0022061045015472347,0.002851758326694487,0.048109969016023824,0.05370370370370381,0.2127659213490274,0.14235709573777666,0.13424349377665123,-0.014336843479583417,0.002636524818108388,0.011194072871252958,0.007089572368154107,0.019304997496512932,0.0,-0.00568354462982934,0.10144919790925111,0.02936509507006191,0.015071575159451234,-0.10416674936748671,0.00606064867966194,0.046470612694861524,0.0016525317015239072,0.020114923235383886,0.05724422903836879,0.02918777222656166,-0.007893169342574335,-0.034017592355391035,0.027554510923170517,0.0001758284806949728
2015-02-04,-0.011965760319191276,0.03713524610566932,0.017745437462935332,0.06954430834828651,0.01146131564244679,0.025198169975698903,-0.002313274761888695,-0.013470614497354538,0.0033961123551604633,-0.028309096725197658,-0.019978969505783373,0.0780702081670328,0.0,-0.011447228768536988,-0.018755270412614933,-0.02441758071019151,-0.030275538570908922,-0.006252436360221325,0.03233842970905476,-0.02637370491557256,-0.01022310483379918,0.013133285918372595,-0.0177327404728449,-0.018691632116267676,-0.01883828692542433,0.018969034411243646,-0.025925811650838848,0.038186120579255745,0.029055896725430852,-0.010351990438709269,-0.030046920778047825,-0.022714673946926833,0.03672629400454053,0.03678826689104908,0.002102347368831081,-0.012857188987313362,-0.00235883000937942,-0.005118276555106993,0.04218749639112507,-0.035269765276152776,-0.007173585168620544,-0.02463678744171771,0.008530747911089431,-0.04918033116573006,-0.04217926186291743,0.017543888282548714,0.011235920031242408,0.005015064131965508,-0.0218180674372499,0.0011270030319612268,0.018081172111466648,-0.01815486384859144,-0.03863641849562682,0.0,-0.006001697691378816,-0.06140349409550094,0.030069423084699842,0.04677060890510898,0.013953541163521654,0.001506058560773349,-0.009274918059160253,0.000549985709630274,-0.01408449379940424,-0.015333090048146203,-0.03205915184144159,0.0048959039038019014,0.07225261588764731,0.006882607630095627,0.0001758284806949728
2015-02-05,0.023068028547310826,0.04347840721346641,-0.007179700411283019,0.021973170189730773,-0.004249325537419191,-0.016017696718878982,-0.001656215419829965,0.006425611787366892,0.0,-0.015748016714081325,0.027896995708154515,0.047192833645754106,0.0,-0.01819680534418966,-0.005212894737060103,-0.0017064986859827158,-0.01904467126180176,0.035391254727869415,-0.024096439368382905,0.0,0.02723004434182763,0.03425912076493853,-0.010638295419373445,-0.02666669331912519,-0.0016000366210937589,-0.01578305965593929,-0.017870782894583992,0.045977078272876115,0.029411905477800593,0.01046027510659897,0.010648563164536995,0.004535143224154492,0.0,-0.00844831749999897,0.016083864065316922,-0.020260463184897715,0.015299059639672041,0.008345735351934946,0.02848576537438796,0.01720451731636219,0.04768770880156881,0.015220247198072023,-0.003759395160348067,0.037931037157045155,0.05137614678899083,0.10344828903091541,-0.024242402057162327,-0.018962128281182045,0.014869808782290939,0.010881750770298959,0.02573392825465648,-0.039622612719265926,0.004728150864707681,0.0,0.012650925609033026,0.10747669090692913,-0.004491068386074271,-0.003546112722136785,0.09862386341035845,-0.011027629688707297,0.02978733394520594,0.02418470393515504,0.005714280264718097,-0.004866105977305968,0.003312109104770533,-0.0027405710523454863,0.010758807230989875,-0.0013589988032697287,0.0001758284806949728
2015-02-06,0.00958286800943009,-0.11764708357286224,-0.025826353307740746,-0.039052271226136415,0.0014224400757030242,0.004209962526444455,-0.02687456809373978,-0.014365485652923504,-0.00615387859272698,0.0312000274658204,-0.03340292275574108,-0.0271949829765058,0.0,-0.033698464666334416,-0.11091698910437486,-0.005128024593128111,-0.006046922913440778,-0.04101784758205351,0.0,0.031602787527704734,-0.007312607566229201,-0.051924651683942225,-0.013359364384925465,0.007827863366234311,-0.014423025489086694,0.014802656861388819,-0.011614363219063839,-0.03296705254493748,-0.03714273143796798,0.011387183262964617,0.006705043229126684,-0.00677194901437328,0.012145685904912717,-0.002272051078753834,0.00894703421876164,0.0,-0.013698712009127756,-0.0306122323199971,0.018950384121517505,-0.04439766941814938,-0.038620565218564606,-0.02807020916769698,0.0037735815445438803,0.003322259361884905,-0.003490401396160525,-0.06250003028320228,-0.06521740418139799,-0.07222787829679778,-0.062271261512506726,-0.0025983569395572337,-0.02332155000724523,-0.08644403524510369,0.010588276477011549,0.0,-0.0005677804311190471,-0.05063294195399093,-0.009774471637414073,-0.004982252494537098,-0.027139929229192283,-0.008616324391190311,0.00550960327468375,0.0019677395871064984,0.005681812794001706,-0.0014670261871029266,-0.009649589198625574,-0.0021373372835585824,-0.06386561751452502,-0.008977535849209906,0.0001758284806949728
2015-02-09,0.014517042495642674,-0.031111160914103153,0.0,0.025570752314924672,-0.0011363634784810062,0.010340916454481874,0.024548220771475338,0.05425087467841072,0.0,-0.030256038241673222,0.03779697624190059,0.01198079976404931,0.0,0.0052311068793649,0.04911591208359667,0.040091550677391785,0.025936506334070852,0.025742559149713795,-0.02716042135226815,0.0897154993460445,0.010128969965844226,0.013219913416045337,0.017172987239016058,-0.023300913680137758,-0.003252029368516429,-0.006888171563688927,0.019976430997837857,0.018181800448205276,-0.002967869759389896,0.05834195147002541,0.039010450854740863,-0.008522705413586351,-0.0069999163128249275,0.006262368888561687,0.023192338588894357,-0.025110865347218736,0.02916678476519241,0.0029239319918448192,-0.03576538028412679,0.01991155582994475,0.0473458427205411,-0.015753185200301334,-0.021616472874923742,0.04139069742785573,0.017513134851138368,0.01666669373888907,0.018826144110860366,0.0307017254917461,-0.04296871993574025,-0.011909173450354471,0.015918977705274617,-0.043010752688172005,0.020566533189018354,0.0,0.0028409651052416773,0.022222222222222143,0.015945435273514885,0.0028612959110974057,0.0014306125988885476,-0.0030674574427700385,0.015890386844997995,0.008034296933050689,0.08757060624861435,0.05729677139679468,0.03641022670388594,0.0015299178067516017,-0.030520547544919174,0.012112641416625713,0.0001758284806949728
2015-02-10,-0.007154604304939416,-0.05504590391801856,-0.009544000520627316,-0.03339269949118118,-0.019055707740708416,-0.025172824550777295,-0.02462561696858634,-0.0545314822660784,0.0015480113352097646,0.002399978637695366,0.007284079084287187,-0.017363872589112095,0.0,-0.027753773289363903,-0.041198550700825565,-0.02808349857059944,-0.035268324181089716,0.01737454708754127,-0.031091450942066334,0.004016060411629274,-0.013673707251897538,-0.03168678974844075,-0.03084416589722483,-0.009940380288917638,-0.030995114791737333,0.019991830540285527,-0.030721987045630006,0.004464281437804418,-0.005952179581597328,-0.05706003302040996,-0.06410254618814104,0.005730571332321688,-0.013091731261248962,-0.012729780723653383,-0.003333295334708275,-0.008333298045098636,-0.03684219323243554,-0.009912519089613436,-0.0014836427869816537,-0.023861093065627892,-0.03150694931636344,0.00033345211597723967,-0.01536992275384641,-0.012718602194179307,0.018932874354561147,-0.0819671988282723,-0.040217379698906375,-0.05212763734077441,-0.061224373709233615,-0.016195848104733734,-0.0028490001397227793,0.0467416141810042,-0.011406793919607194,0.0,-0.04249294531424508,-0.004347842672596802,-0.03213758199546457,0.016405102334284383,-0.08571420384846129,0.019999968699919934,-0.007011871794385005,-0.005490585472785248,0.007792262480903256,-0.05511813458301329,-0.015091572263928876,0.026275691655662126,-0.030864254946096237,-0.01767814835064696,0.0001758284806949728
2015-02-11,0.0,0.03883491774645109,-0.03961445107753592,0.011054891229288488,-0.012177440578621801,-0.026958036534040053,0.006141259244475172,0.0519902807015864,-0.02256569855009516,-0.010375109115033587,0.02066115702479343,-0.03614456354692086,0.0,0.007136551399982594,-0.04589837147068321,-0.013031338775704615,0.010999499805299795,0.0064516157052314504,-0.05697457871486844,0.007999992370605558,-0.0064694729018988095,-0.04619827221606754,0.025125644998157837,0.0020079792341825,-0.008417540446667982,0.019199981689453027,0.034072914546669164,-0.07333331637912321,-0.040119725860938704,0.038974397338026545,0.0479451818312544,-0.0011395185917050243,-0.03860066379214466,-0.04068767414333696,0.008695608851554626,-0.03361345167355567,-0.01120908171962176,-0.022497009236824628,-0.11589899072774912,-0.0022223697597434366,-0.022630844166009023,-0.033333333333333326,-0.024390171511687653,-0.0016102731926520564,-0.015202702702702742,-0.07142860533163142,0.0022650575239504533,0.019079694635833366,-0.04347845163959341,-0.02833076250684441,0.0007143020629882812,0.02060968327039925,-0.006923198699951172,0.0,-0.029290001856473902,0.052401780913936546,0.01776058790707835,0.01333330388654752,-0.09453134646615391,-0.00703868245070427,-0.022542084668727425,-0.008904762898347407,0.020618536429497514,0.034313763530839037,-0.019090616586388554,-0.007145011052429706,0.021656121681069118,-0.005565862708719838,0.0001758284806949728
2015-02-12,0.0027715761930762195,0.10105144276959077,0.03344478405137585,0.0528473716215383,0.04373344614043462,0.039661722671251676,0.025771455909815222,0.026254857587965308,0.012808393155473441,0.025806504705075506,-0.013157894736842146,-0.005000034968058231,0.0,0.04428693829098784,0.12384841635407895,0.033869241275525486,0.020159931108571838,0.05203616655152099,0.033333414119577354,-0.04365075235253857,0.02046514111895892,-0.0050454173301506255,0.014705907560596199,0.020040126904106392,0.01867574465329125,0.010596564466812897,0.026819987496108588,0.016786497252640364,0.020586206729358958,-0.028627907368468986,-0.02801122219106633,0.014261265841846393,0.012766021428594954,0.026284334324730763,0.001989422903879934,0.10671944817406898,0.020263430883670885,0.023617245814370635,-0.052100832389409435,-0.01781727583657189,0.011577429076272683,-0.06896551724137934,0.0049999428272242685,0.048387099965577995,0.030874785591766818,-0.03846151552514798,0.05875700357913427,0.04074888641717789,0.0,0.04018906345318762,0.016773708268240428,-0.03029033263934844,0.02633608513838004,0.0,0.0057909834945282235,0.04564316863312201,0.03945378694673174,0.031855959246140264,0.11389134315175009,0.02126582664779475,0.004167895230473784,0.02354004273339605,-0.0757575629864552,0.022748793059637507,0.009218970190293607,-0.01139434690088914,0.09102238161715559,0.026803482587064664,0.0001758284806949728
2015-02-13,-0.004975132771074975,0.015384715791876502,0.011866069864052697,0.06447424196305529,0.014341989665433097,0.026647932552822606,-0.008595048888655699,0.02784051851888747,-0.0009368199913494246,-0.0015723629987268728,-0.002051282051282022,0.04020104797149715,0.0,0.014418999360094054,-0.02185790356319839,0.02332002126485966,0.046424275620539524,-0.002508949669580929,0.07997309818283727,0.022821504721924235,0.018231522734438954,0.04259630478701171,0.024798680274467744,-0.001964584804686753,0.023333311080932617,-0.005825227904088237,0.010447607386574242,0.09198121801310943,0.03912000821886652,0.030487874499542267,0.04803074037741695,0.034870579749214814,0.034663886910111685,0.03317810879637473,-0.0026472509933439525,0.007142851639257541,0.07625007696765995,-0.0005885725586430857,-0.019503485688163513,0.0521541804629686,0.038626719905536344,0.02777777777777768,-0.004975067772798658,0.09999997483552492,0.14309484193011657,-0.020000031895999193,0.0437566544738166,0.061375654541008684,0.06363648079741324,0.011363699713789144,-0.0010530251627421938,0.020390509165286286,-0.01132061312907795,0.0,0.04030291142419373,0.05158726975010253,0.04160579945742482,0.0302013942590853,0.06893887548035726,-0.007932565533312008,0.012728245210359868,0.016502833921645532,-0.01639349174618998,0.04170526513957973,0.035270204117303416,-0.016075207556373372,0.03828571864536823,0.022267982960854305,0.0001758284806949728
2015-02-18,0.011111153496636383,0.028213138731957077,0.027718605223594484,-0.026422748311007882,0.010812341462300257,0.010929032216037138,0.010003372680852607,0.019033634052908255,0.012970774971160726,-0.003937022951637115,0.027749229188078095,0.021739090372849823,0.0,0.03595311606770757,0.01582868528089798,-0.0027126370056731464,-0.024880206756118795,0.006108518748113134,0.0553828429211467,0.020284053742741337,0.020590827275324353,0.02140079721480137,0.013199263464899413,0.0472440686098905,0.04234531507093564,0.007812455180101763,0.006277793139752408,-0.03887695480057596,-0.0029411834041305207,0.013806653757640452,0.012832295626105106,0.0032608406079508434,0.015228480707613512,0.0059155202733709444,0.0013270691548239455,0.03546096577874569,0.010581990401506536,-0.015429911675602481,0.1012658085955025,0.02586192730114356,0.00275478570866583,0.03135138159399631,0.011000042066574567,0.07692311211814773,0.07569141193595352,0.02040819647646841,0.01738242136355339,0.0009970318193490701,-0.004273687699603901,0.008239660048259712,-0.0007026897771739149,0.05484689553876687,0.03625939876130224,0.0,-0.007282173827432459,0.12075474577130008,-0.008409205783850626,0.022801265087779576,-0.02173923470150052,0.012493752980530015,0.013661145983943523,0.0008635119819526693,0.04166669426141034,0.010231296571167503,0.024509753220418817,-0.0012329739942693596,0.025866775530050345,0.012718224188324578,0.0001758284806949728
2015-02-19,0.0016482845076557506,0.05945119967796053,0.0020748354967226046,0.016701444918082675,-0.0013713320706731924,-0.002162228555133039,0.04324857795797721,-0.03376445093309244,0.01805002616702933,-0.01976284644576498,0.040000000000000036,-0.0078801758157655,0.0,-0.0048425237357577755,0.0980751338028687,0.004352237422774241,-0.01168139527194434,-0.014285700661795464,0.06721689518975738,0.023856835100142915,0.0043859817901739095,-0.0076190793230088705,0.011166257322275275,0.009398517477074764,0.03124996973201677,0.003875983892514201,-0.009174340053947239,-0.0022471353872549615,-0.0029497161874363353,-0.01653690312433076,-0.012669714109158181,0.005958863261487757,-0.002000105062295199,-0.00028002981155150763,-0.009277589748170834,0.016438303718746772,0.03435076158398265,0.0031104683459413085,0.01642034517685098,0.014706156444344254,0.019230740134170476,-0.021663201294651158,0.003956371071061282,-0.03246761385204988,-0.047361299052773975,0.0,-0.03115572581757442,-0.032868518422299764,0.09012892797618077,-0.0014858437542351055,0.019690557504447703,-0.040306328961140725,0.01731139477774013,0.0,0.012323907644341547,-0.030303080900992985,0.004946911628896267,0.0025477683018455544,0.028888948812651583,0.021717696401126974,-0.0013476801892948753,0.0013804843068139228,0.005333328247070224,-0.026860357886143604,-0.027272686482448294,0.01851835979082983,0.07296140852380217,0.0002730109204367448,0.0001758284806949728
2015-02-20,-0.003291248900109567,0.006234971910517029,0.005175756325552117,-0.015605793107272947,-0.004943762784276218,0.002437679314531982,0.007594929374080017,0.018587524126220778,-0.005910040224345936,0.02500003460914968,-0.0038461538461538325,-0.011119963592214677,0.0,-0.013787509883971927,-0.025876417177601585,-0.01300119174766634,-0.012130644096462362,0.007246335247339308,-0.049723811501701354,0.025242740200695613,0.0,0.017274428771081984,-0.030674817461688986,-0.020484341538759998,0.0,0.013899637670032883,-0.020370362675629528,-0.009009000301245074,0.023668404341588456,0.006923811450401551,0.012832295626105106,-0.017770593921874522,0.002004113499851634,0.0053220567540275265,0.018729079247982394,-0.03234497803204561,-0.0030864814250757266,-0.0036971171398643143,0.001615468812962817,0.004140664233870828,-0.012129367097376664,0.010714258466448134,-0.003940779883532586,-0.08187917842205217,-0.07528409090909094,-0.020000031895999193,-0.010373483185505572,-0.0072090313644919135,-0.0393698776258804,-0.002604217521972707,-0.0006896709573680493,0.011759793907010208,0.0003619681046131973,0.0,-0.004057959299153202,-0.01041664045166013,-0.015471063027659215,-0.008894497565706927,-0.026637856027523776,-0.001932411306909687,-0.023481823452196515,-0.016887833685635845,0.07957564781237347,0.023529432071850875,0.004672907483791233,-0.015151350075630177,-0.04899997711181636,-0.0010917456232697464,0.0001758284806949728
2015-02-23,0.017061060244398796,0.12488079638447402,-0.012358384305444226,-0.003754699840051612,0.01048854363459184,0.009727137407861797,0.005025120811725348,-0.03649643909372702,0.010518356221020486,-0.009441375704085098,0.0028957528957529455,0.0032128483908295813,0.0,0.01151312500218249,0.06426735176493481,-0.007683785671269927,0.011020120492277519,-0.023381281883768867,-0.01162789223074323,-0.0416667155846181,-0.006113510566836511,-0.010377231649987162,-0.00917722882320593,-0.03802281472267588,-0.013636314704726149,-0.0007616320483376793,-0.0283552945480674,-0.022727250560256596,-0.03005747017105853,-0.017681780130569202,-0.025339341912949842,0.007127251630840714,0.006999877536251642,0.009752100857722601,0.003939589245386399,-0.02855148404986052,-0.0006191725989153074,0.005506356204005414,0.048387129026447706,0.0185567475135755,-0.04365629532481374,0.005653705007969689,-0.0009891705898509295,-0.06725141024540382,-0.0768049155145929,-0.02040819647646841,-0.016771472542126853,-0.01452285667393427,0.020491497359979682,-0.0011189550807697568,0.03864737256469164,0.019095022065545253,0.004343122469574245,0.0,-0.0008731716153462799,-0.07368422391121843,0.0014285164899179303,0.03141024097026324,0.06065084927908204,-0.00532432774269076,-0.0013819495782194657,0.005959760207619569,-0.04668305877316481,-0.04420866325811734,0.006119964450989057,-0.004615554809570321,0.06203997249085891,0.0008392208907450627,0.0001758284806949728
2015-02-24,0.0,-0.008474447849789457,0.03753907523455213,-0.009631471956422999,0.015842730085677825,0.010971346832836959,0.020937442779541016,0.027272736533696884,0.006034063860458794,-0.007942841958518243,0.024061597690086645,-0.013610895068793538,-0.1284404145029998,0.004064989940695485,0.01771338693054636,0.027654738062383943,-0.005605784912753764,0.01289135861463686,0.07058823026244876,0.023715392671163515,-0.0026361803751761004,0.01715915466186435,0.0060683657461266804,0.005928981190389093,0.012288774330780017,-0.024390220854836775,0.05136188013641796,0.016278998074243267,0.004767286561319528,0.008999966474530163,0.003714016727287328,0.01088725348143016,0.008937502869940772,0.010485614158526557,0.011772389357652902,0.025089586333838065,0.021561253748075382,0.017857142857142794,0.030769201425405734,0.016194242375057177,0.0014265903084940135,0.0031623385623014144,0.0009901500171274336,0.010971755489851631,0.0016638935108153063,-0.020833275651039318,0.03837949384702144,0.04210522300318664,0.01606456241060683,0.0194174976635606,0.027242514432957554,0.010183299705468052,-0.0054053373037165064,0.0,0.0008739347103290385,-0.026515108549451938,0.01925820696447267,0.014294564329095705,0.021617847821378655,0.012165450573309089,0.011624679445068065,0.010280524373396549,0.0051546341073744895,0.019426459759047665,-0.0019464762588079498,0.004636956938469439,0.0554454895833274,0.011563737056609735,0.0001758284806949728
2015-02-25,-0.012445862983419431,0.03333336186205149,-0.007035027052128551,-0.021141649389636363,0.01586444317237845,0.0055585066666596905,0.007040201096559118,0.004424716655654137,-0.004348508505929272,0.02001601317704571,0.0,0.04220783040945442,0.0,0.008097299808723868,-0.0015823146535147714,-0.0010759794043335713,0.020357168198436693,-0.005454531582919087,-0.008791149613654903,0.0,0.00352422559547505,-0.011246577408948966,0.03174600050953447,0.011787789978452645,0.0030348984011268065,0.004296824272024269,0.019614974605589586,0.02974831071975781,0.020166222903783115,0.011893038514437793,0.015726097689241048,0.005923565544388332,0.003937054094167891,0.00245764017876704,0.009049833282373188,0.008391547200429894,0.012857882802675746,-0.012631600363212758,-0.010447715942830227,-0.003983946522033044,-0.014244982740327816,0.0017513536162996335,0.001978133654140235,0.013953521398482716,0.009966777408637828,-0.021276629837029715,-0.04517449596744583,-0.05050505245112613,-0.023715668779162313,0.007325927897755546,0.042690866717846054,0.02379032946526105,0.015941910892938393,0.0,-0.0011641673316680201,0.01945525234073231,-0.009797032181042997,0.017769664273910246,0.04641643496007819,0.019230843295715117,0.002736077057339026,0.007071356827837105,0.0410256008973342,0.004537135660944713,0.01779613189735585,-0.02461555480957034,0.056754268721450174,-0.0012144812430119334,0.0001758284806949728
2015-02-26,0.013150672390036311,-0.07981815821834715,0.01518217304557079,-0.006047489933277417,-0.012440474626304265,0.0021058180789121916,0.0048632170210161085,-0.03083695321727986,0.009036162393336822,0.043956077682688166,0.09962406015037595,-0.035825547716544226,0.0,0.04819270851500046,-0.08874801075400052,0.03340487919985202,0.037753038622873936,0.02669102493800768,0.07039910351999956,-0.00772200061362871,0.009657563947461423,0.016113846790002606,0.02307693774883557,0.029126188412639253,0.03328287227653659,0.015169245853167146,0.014519153282316344,0.02222220102945971,0.01220930166878298,-0.0019588564816329646,0.013661254868690076,0.010706576676843271,0.005882341633638211,0.004903333715069014,0.021140240481223094,0.039528486919895744,0.0026348036117305185,0.0018952837109982301,0.03016588322970226,-0.0040000736598228,0.027456600956799804,0.001398566700881121,0.03553797464094144,-0.00611620833349491,0.008223684210526327,0.021739166025520396,-0.010752728969764092,-0.018085115233283933,0.004048757074381015,-0.005454516479029836,-0.014268020095313028,0.014178834935235862,0.006776149629919459,0.0,0.032342696248437885,0.06870225895591164,0.0233215359175325,0.030704407594301708,-0.12067841231824128,0.00801887123471845,-0.011186977305922441,0.014214774264444285,-0.00738909689507361,-0.04019870886105614,-0.003592720343440714,-0.0041008845123245985,-0.11584556284095548,-0.00096504603269576,0.0001758284806949728
2015-02-27,-0.009735008512923082,-0.2799999177054002,0.0049851119111485875,0.030856109405052345,0.0008041066129100827,-0.012345643509486637,-0.02722327551401771,-0.0037877864750077705,-0.03835821013361862,-0.03759398442327189,-0.017094017094017144,0.028271359011309283,0.0,-0.005364006376939678,-0.10434780950131628,-0.030239915007866047,0.015675789945613916,0.007478667820223217,0.041947208475802134,0.005836616845840803,0.006956515104874272,-0.023320935853037406,0.004511237976085214,0.009433984340475154,0.008784764780346288,-0.04597704005366299,-0.008229066549744646,-0.004347822030685733,0.010913111540145737,-0.004906752828664596,0.0017969006184830327,0.010593261219791872,-0.016569195657543556,-0.010571930989027534,-0.010037631905980615,-0.06871247607437803,0.004419417125800296,-0.019862833261148127,-0.004392347482620962,-0.028112391789305025,-0.04922640718409588,-0.01815637435393891,-0.0019065760723853131,-0.023076955984313474,-0.029363784665579096,0.0,0.03043475421480002,0.03466962777562643,-0.10080650552574777,-0.002925026094203198,-0.014474543168106035,-0.0019417179440989196,0.009564330268073684,0.0,-0.012136623148566561,0.03214284351893837,-0.0220994903426337,-0.010514036001872173,-0.20623144241607416,-0.024801154227026223,-0.04249452635149542,0.004559252243204748,0.0248138708254122,0.0,-0.012019256632032183,-0.03135885108313763,-0.026606460071064042,-0.0034388825563648195,0.0001758284806949728
2015-03-02,-0.011469092878089171,0.04244681033454323,-0.042658903681800364,-0.0021078936976358653,-0.021424806859060563,-0.013563890791364996,0.013681549402880133,-0.03726242123970991,-0.008225970815573636,-0.019531249708961695,-0.008695652173912993,-0.009426542802373206,0.0,-0.033127906987982625,-0.00970877472018683,-0.008064478829415966,-0.008444987746534682,-0.009897514230613802,0.001491011901281647,0.0,-0.005181301065430466,0.012416376096629156,-0.02305386368381701,-0.044859881414114344,-0.05805516736119487,0.026506018374431894,-0.011543916361760664,-0.015283776417091333,0.03409092242067957,-0.03353062259585193,-0.044843050861548606,-0.003668747122857585,-0.00991083776229662,-0.0049315442935494724,0.03295307452670637,-0.0007163037462257771,0.015459568511874355,0.006875773278597785,0.0514705727669611,-0.00826441695385538,0.042899327938384024,-0.029160795793034766,0.0200573396058088,-0.006299213206903409,0.005042016806722671,-0.04255316541874199,-0.021097027312509398,-0.013612577156494776,0.02690569044125435,-0.015401541539373342,-0.002234983892282272,-0.007782130622652095,-0.021052712170152033,0.0,-0.009142856521965892,0.0,-0.03460448970168528,-0.024793392151879923,-0.014953336723049993,0.00527834018935458,-0.018443825560372273,-0.008404745532995639,0.004842610259641944,-0.0324706133674173,-0.014598571941059402,0.016350619555908663,-0.052088718962056024,-0.010895062326735538,0.0001758284806949728
2015-03-03,0.018232039599507477,-0.02155695342142827,0.020725521478986098,-0.0016899415039464127,0.0016421028258315484,0.0016177365266514254,0.004907971009235457,0.02211691963879736,0.007824720442220157,-0.030278893120771144,0.0,0.007137204999068558,0.1473684836243958,-0.023904315379638552,-0.01470584522894025,-0.005419711013035511,-0.011159935874336169,-0.010710501319448062,0.011910769754585937,0.005802656195064593,-0.0008680753892762461,-0.019811211101208426,0.009500428685810247,0.00978475919530064,-0.010785777703064325,0.001564981078369776,-0.004744480526381989,-0.013303861767558045,0.016483489353002145,0.021428613906007143,0.0347418640832271,0.009468716623280526,0.002001943717249599,0.0077092516786696486,0.01533744167279294,0.002150521912097414,-0.0033961417653904924,0.012339725133402535,0.0,-0.02500015985204096,0.004255339727453178,-0.041758220568037796,0.002809035393276149,0.06022187590160666,0.07023411371237454,0.0,0.02478453691043425,0.015923526254289166,-0.043667902339524334,-0.00931097766453115,-0.020799987792968766,0.011764675963158666,0.005017851896182979,0.0,-0.008650507015497855,0.03114185572352768,0.014630597363617825,0.004237269545069644,0.030360571571021122,-0.004773287724486708,-0.001761559729529738,0.019325294098946344,0.033734906811658805,0.01118684122370528,-0.012345706299120351,0.019948357000780792,-0.024483072695203112,0.005546735657866453,0.0001758284806949728
2015-03-04,-0.006511168597197359,-0.061811325485537916,0.00812189294879051,-0.050359655902348255,-0.008743167646484862,-0.020726798453284845,-0.03052497386710995,-0.01236474634811846,-0.026397484027820606,0.006573535185253387,0.007894736842105177,-0.04173226306543221,0.0,-0.025306246626877527,-0.016915430155978406,-0.023978465133594584,-0.02702692556742503,-0.023096333843152794,-0.10740571349837547,0.0076923006385032355,-0.0008688295988684702,-0.03946112486151887,-0.019429232854544343,-0.021317824440945432,-0.03738321574816339,0.001953095168574226,0.0014666916308856415,0.042696643902066844,-0.010810968357256034,0.04495505502857711,0.04174220193871081,0.004168833844693021,-0.007991939014393323,-0.008743155185204077,0.03444108765159282,-0.029327630742363775,-0.02044645447157345,-0.0059171373247031145,0.04055943468321366,-0.049145288416678645,-0.053672229115738546,-0.02522935211245425,0.02614376652228545,0.008968610687773104,0.004687499999999956,-0.06666667322962938,-0.03785495285880669,-0.03134788366010055,-0.04109589341689346,-0.011278196413182506,0.006209167702255103,-0.0007751376359078632,-0.0014264507710005647,0.0,-0.01570674740364819,-0.040268419003798184,0.012977580669511823,-0.024713673516642665,0.072744018899501,-0.006714690380605237,-0.014705907210225022,-0.020621951588105425,0.034965057506117114,-0.019240091787593894,-0.012249920849140894,-0.0015772151389813471,-0.05521471022130353,-0.016295025728988,0.0001758284806949728
2015-03-05,0.0027308108065313696,0.05348983669680818,-0.029204547730031782,0.004456344879223861,-0.007717749266363594,-0.0016493085683596531,-0.007556667801907446,-0.04538350087764387,0.01578942087070767,0.045714319968710226,-0.018276762402088753,-0.018898972429644,0.0,0.0301508325602029,-0.013157906167521771,-0.001116776626771232,-0.010989044587990326,-0.004432912199393568,-0.03736252568036946,-0.03435111377881084,0.021739130434782705,-0.009018013774943712,0.021671805829548196,0.009901013479974186,0.009708728874782357,-0.04483429378686932,0.008421912320197622,0.004310340840949722,0.014754216180025814,0.01147223184330115,0.02439030468732617,-0.001037906449847248,-0.004028326880671562,-0.008820272193769907,0.007593481602399033,-0.019896903297773494,-0.01031674625266532,0.0013095310756139344,-0.017473133527029172,0.0,-0.01492549582098801,-0.009803921568627416,-0.026387648912151285,0.0370370101120836,0.02488335925349916,0.023809456003403895,0.0065574231823122275,-0.0032363198666708337,0.019047518794996554,-0.0076045426421263995,-0.0029230318256503462,-0.026764954060495838,0.00035714424872890227,0.0,0.004728131723519047,-0.03846155128663664,0.007117518236563702,0.004326309858092348,-0.008583675100731103,-0.0028971254753635822,0.02059709143260635,-0.006962156748034465,0.0022521963774337905,-0.04364881884696237,0.029865813301203303,-0.011058495134317003,0.009445091048871701,-0.002040897202187475,0.00018266471038530518
2015-03-06,-0.007080667962610976,0.013622189775642557,0.0031120306550935783,-0.023957448695370198,-0.012777843098617736,-0.012114508821695624,-0.03394669033263509,-0.0032785578720277986,-0.0059663527729481025,0.029664258260654552,0.0008865248226950229,-0.03266326661260377,0.0,0.0048779565462209185,0.023589696639623403,0.002795063027988265,0.014197546130763072,-0.01001856957774061,-0.02968047330991752,-0.005928801049494115,-0.009361672908701824,-0.02022238561295464,-0.013030298016725839,-0.0117646772722515,0.017628227171343713,0.029795899683115357,-0.005083526595058174,-0.017167366164289044,-0.03984914764613967,0.014177754199485859,0.009353712120438118,-0.008831172794490638,-0.02123336663166664,-0.026696390978335316,0.020869545545379564,0.0,0.003030278474966286,0.0010699837978547233,0.009575946950658887,-0.031460610708888614,0.03484860080525731,0.0059405789516939755,-0.00934578614605952,-0.049999976632986276,-0.047040971168436974,0.0,-0.013029303481221888,0.0010822758798212373,0.00467264850109439,-0.01915713109244621,0.0071661012341104335,-0.015145518764615895,-0.01677978688588011,0.0,0.001764647379514539,0.018181818181818077,-0.009894033863251717,0.00184619610126191,0.02683982014923192,-0.02421307550782348,-0.014916660041111474,-0.004787976561532736,-0.00674151331618722,0.004615392440404653,-0.004669462226162491,0.005111999771849396,-0.030409382816573904,-0.007624342301201237,0.00018266471038530518
2015-03-09,0.0005485589211708941,-0.0836895630673875,-0.006204751931967456,-0.03909093683416198,-0.012661753388672259,-0.028706768773028468,-0.019704445531574022,-0.019736988728841776,0.0014215601131677413,0.049279802341411605,-0.018600531443755508,-0.0060606621075806055,0.0,-0.05663414944544798,-0.02705405976690589,-0.01616476327474592,-0.037735803867617435,-0.010494778239983349,-0.020000068430695905,0.029820996475860673,-0.031786930811503855,-0.0650155128858193,-0.01074611180799323,-0.003968149556628386,-0.01732285593172289,0.010701564116625484,-0.012043842167638985,-0.02620084881180096,-0.03533357399246695,0.025162998317942442,0.010951989527739903,-0.017295593554801036,-0.025826620482001905,-0.025999975628660854,0.022714345863773078,-0.05714278973033904,-0.011480371838188619,-0.010688809308804004,-0.05149052961359002,-0.06960557451217952,-0.02489018021725664,0.001574839217641566,-0.014150881308935048,0.0,-0.009554140127388533,-0.06976745383991378,-0.03300332075896106,-0.03567566742768158,-0.032557755919424336,-0.009375000998094851,-0.029754206792492854,-0.04046944706802447,-0.008714451403720846,0.0,-0.01233123741965636,-0.0357142857142857,-0.01498932053896751,-0.0061425293152326255,-0.07757160973061472,-0.004962798181780803,0.0,-0.017182072407520232,0.027149294906732013,-0.002552283648346032,0.007407423779472122,-0.012714763902561321,-0.017490893215510228,-0.016006082311278313,0.00018266471038530518
2015-03-10,-0.029605209153223955,0.013333225250244052,-0.010405669887327496,0.0061495303627534526,-0.02108862556513713,-0.03328555555834789,0.0033500964888364404,-0.023489778260179506,-0.015457384217052783,-0.00650290112685159,0.03339350180505418,-0.06620203009689929,0.0,0.01029156538557996,-0.05149330566793886,-0.011898222228868716,0.01739383263699623,-0.0007575931080556764,-0.015606127550287452,-0.0019304541266529363,-0.031943264927160264,0.026490070459934012,-0.011483532653097872,-0.013944329867126681,0.016025702746429227,-0.026666678634344354,0.017731747533169306,-0.0134529018534425,0.0,-0.009090875326105974,-0.029166698455810547,0.010133361816406339,-0.024390229111066697,-0.039307742102320575,-0.017212673217129826,-0.015948951593460214,-0.014425421583814657,-0.01656666252224759,0.0,0.08728167413177768,0.03753745239596107,-0.013364785591600814,0.016267876876028042,-0.01503759537200311,-0.004823151125401881,-0.02499993078124718,-0.05346988271541786,-0.04484300617814163,-0.028846462637135417,-0.010252345538233287,0.014333343505859464,0.003795873305066033,-0.01831508818126859,0.0,-0.022294809970746732,-0.029629601372612835,-0.02681160927745385,0.007416497504414643,-0.028336463210302254,-0.007481278016859605,-0.011876401877331855,-0.007692362252332718,0.0,-0.02251793825188475,0.011764731693847397,-0.011590356659765044,-0.01657461280473671,-0.018055753238039096,0.00018266471038530518
2015-03-11,0.02485867840357736,0.029605285138141868,0.02418481906963499,0.01598496216598755,0.020378453432957633,0.029979242984180754,0.019699503758209058,0.0008589610942877357,-0.002082684768133447,-0.19781820123845884,-0.017467248908296984,0.04477607558580465,0.0,0.005942217044890397,0.04017371162069239,0.02293589192531842,-0.0006215303940519945,0.009097865280592421,0.007926902959900284,0.00967112440229334,0.027497726391446653,0.0,0.019466259765617666,-0.01010103346279323,0.009463713144399533,0.015310276905220022,0.0018149916333460858,0.015909021206140128,0.01744189987302258,-0.0009174277539424347,0.018025754937618155,0.008447721378064488,0.033695650533023924,0.03389313772387981,0.016384255126969727,0.06969197449919151,0.019598102983655608,0.005859369679455773,0.08142859595162522,-0.034403539300897235,0.010130269418392901,0.008764912749440024,0.009416187485701721,-0.007633557285642079,-0.012924071082390909,-0.05128207603878954,0.018028915589732852,0.025821514264594114,0.024752589486846333,0.012350587824002668,0.03253367601674917,0.002100888487900354,0.007462623045524364,0.0,0.02675580192585736,-0.003816808341898237,0.012658223166744476,-0.012883380018521184,-0.017873955963381705,0.0,0.0,0.012508845385935885,0.019823822322491136,-0.012565432791876052,0.019864280900144582,0.01400648819159156,-0.0037453444383406254,0.012693351003250974,0.00018266471038530518
2015-03-12,-0.005512595230744988,0.022364243535412998,-0.011293405898760933,0.013419666820360776,-0.022824462630025688,-0.017867424207368532,-0.02324823086237382,-0.012017088120666264,0.004495095058039578,-0.061649988029355174,0.001777777777777878,0.008928605640421639,0.0,0.0253163845686466,0.05323593245755909,0.024102821285831633,0.03141503905525589,-0.009391434715191327,0.03145789349923622,0.024904237483914793,0.021409435352494066,0.0,0.010779207285754655,0.002040762684309305,0.006249993946403354,-0.007936537971601432,0.018115823267761844,0.011185725521638101,0.04285682165537552,-0.004591351002549815,-0.012647523007795591,-0.007329910691148189,0.004206148526301634,0.004134728843211644,-0.01834359399950458,0.022727406113422832,0.015936761811423894,-0.003033934442155717,0.06340819130630759,-0.0071259083232153575,-0.01002867622631054,0.003159554686819721,0.024253807840785235,0.015384616352479785,0.013093289689034338,0.027027010847333832,-0.0224321756868453,-0.030892392581242878,0.1207730264876139,0.008264495785569759,0.005410568933200244,-0.0008385936035125718,-0.003703718329328254,0.0,-0.01302929181197332,0.04214560786944266,-0.02205878110125914,0.056556857599889154,0.029693480425330154,0.03366834618780912,0.012620181099680883,0.01966238249836616,0.004319650201332292,0.0,0.014489343438526259,0.01670412945610722,-0.0018796825124991479,-0.0005316321105794941,0.00018266471038530518
2015-03-13,0.005543152386152217,-0.006875038556756863,0.0020766183719265197,-0.02420085792368809,-0.011386894166089956,-0.01232389452056959,-0.010392204717909692,-0.011294682186366312,-0.0033562667231307186,0.057970957070651696,0.015971606033717833,0.013274302300743557,0.1009174438674667,-0.03292172048831843,0.021803792240021158,-0.01751484148076421,-0.030458193710294457,-0.0295790922192547,0.005864966829551621,0.026168199809568193,0.008733657915767745,-0.029032288542084506,0.006398509455308732,0.01832994384686515,0.012422348291186713,-0.006800003051757764,-0.008184970096580368,-0.06415928386654168,-0.03561632878711918,0.0,0.0017078995750814396,-0.0042194054625018795,-0.007329886377051675,-0.005000044240249912,0.04133640561207663,-0.006666690395765729,-0.013291845313819106,0.0014607063310205781,0.0,-0.004784777372933924,0.0028943952223767777,-0.029921269302987996,0.0045536819406699625,0.0075757270661425125,0.009693053311793154,0.07894738069252094,-0.015700497419493087,-0.015348301103008222,-0.008620645013487804,-0.008196753748757946,-0.03133902394226684,-0.0247587139939921,-0.013382768319269212,0.0,-0.004500491296343445,0.06249995617305659,0.01127817330682701,0.010000004487879188,-0.013953416344337777,-0.015556621272324933,-0.019584662185766155,-0.010238859144775403,0.045161297600011974,0.0010603684924623824,-0.01194102364291938,-0.004739276714642582,-0.01004393247626767,-0.005810147299509016,0.00018266471038530518
2015-03-16,-0.007717717439854388,-0.04027686926636276,0.03316074542264036,0.0,0.007088007915043271,0.014854449251556767,0.019647693587806714,-0.0008784951655043116,-0.004329649183642537,0.006392753398891005,-0.011353711790393017,-0.004366828957883873,0.05833330196054809,-0.018723351203501437,-0.02618821016243078,0.008356396077358275,0.012130644096462362,0.009378654540332043,-0.02040815980448052,0.016393471100192736,0.00606057953837702,0.027685542536227237,-0.0009082715728393476,-0.005999842583913506,-0.0076687409326891,0.00483289728562708,0.022246097047109226,0.0023640075649142833,-0.008522402849637678,-0.008302551733816443,-0.017902735947815773,0.0068856501003125015,0.003164551234990265,0.0,-0.037520441768085444,0.020134227206340727,0.003034041524018427,-0.019083479415796245,0.016149082156611705,-0.016826889546562307,0.015872965414650775,0.010146104147430668,-0.012692644923507967,0.037594019176077964,0.05119999999999991,-0.02439028343248073,0.012269986030718272,0.005995226597129921,-0.03043483257227453,-0.0003935351601301873,0.02745098503647614,0.024096362799380433,-0.016955697184698026,0.0,0.008740234477602193,-0.0761245288799316,-0.0029739374453192635,-0.009900994498460047,0.009433944413381079,0.004938290442949356,0.009382627575791336,0.01896550936526764,0.006172784392394215,0.001059346326944377,0.018957388098582495,-0.02539684463850911,-0.02916931038645032,0.0051856119845254955,0.00018266471038530518
2015-03-17,0.009444448682996986,-0.005901680987103641,0.07622862043368883,0.050538132021187065,0.043988260331621065,0.0392270884265884,0.04784054869793675,0.046613828127338275,0.013045558769621435,0.0072595209058901045,0.022084805653710182,0.03508777066574664,0.0,0.02688634756101793,0.046812775778344085,0.01933692466732273,0.015673059897253427,0.025551678256350963,0.06845257931146231,0.04838709401759078,0.019793502424770404,0.03663784941027415,0.019696987321116577,0.02615682713103884,0.03554869034496111,-0.0020040538228540683,0.024570083239425333,0.042452904455773544,0.03323766904275449,0.0316278985542886,0.03385411233951863,0.005260409272262789,0.024185225166654112,0.02867283859593739,0.00508483014412775,-0.013888906809966461,0.018753781931378333,0.003717486352707633,0.0036674488816594852,0.02689477751582614,0.03409099883548783,0.038569747503511165,-0.013774140243304478,-0.013043508665961379,-0.015220700152207,-0.049999972312498864,0.05575758038145118,0.05601898618854584,0.00896856348041819,0.007873994963599529,0.022582728363893523,0.034873947492132906,-0.010348738910792576,0.0,0.018822771925671722,0.07490636490078573,0.040268465324587055,0.0170588773839615,-0.0018692490996553568,0.015724800433694508,-0.007496264016829901,0.012859479683480446,0.04294479424963615,0.05185182867810756,-0.0009302345868436035,0.0029315266892826486,0.037230547302525174,0.029417785784474182,0.00018266471038530518
2015-03-18,0.014309313582285155,0.06860171357552702,0.04846241657153816,0.07082405784202339,0.05028092285925667,0.03943666817298941,0.03582743248627063,-0.02521016365179951,0.016693164157145945,0.04774772205016942,0.03543647363872093,0.04237288067101819,-0.023622077587913903,0.01942557950842083,0.058039928010747976,0.035230717891552965,0.031467248249097635,0.05700265163943774,0.03788289060814587,-0.025641042361154165,0.03375524098343208,-0.043658902597010885,0.01634474490381166,0.04313733706430334,0.03283586168533614,0.013253009187215836,0.011647758286752463,0.06787323726682981,0.026067467344353057,0.02795311325560057,0.03190597139457463,0.019361534278776737,0.03901432531897875,0.030172332667002477,-0.03035416096887822,0.057079289399194044,0.01662706031982264,0.030864150435836235,0.0012180546693509875,0.08333339993836564,0.038461480268341175,0.0030947745657829984,0.010242125495486754,0.042584468514240914,0.040185471406491535,0.10526321311634423,0.04362802672521715,0.0383747365420779,0.022222321893683672,0.0023437502495236018,0.004976666868376833,0.008932246374314445,0.003098481585569912,0.0,0.03313788180380706,0.16724735573034644,0.043010738140240035,0.022556354482213825,0.05617976895053434,0.018384090922303198,0.03474324175804133,0.027230267803859176,-0.005882300692582665,-0.014587475876308265,0.0349161781132985,0.014615192455714743,0.05415614927453194,0.024679327831361286,0.00018266471038530518
2015-03-19,0.0037981385602343654,-0.022839616442793087,-0.015111223856608125,-0.044509216365367976,-0.01818674216730176,-0.01680215680083419,0.0015305495733191066,-0.028448189689433967,0.0003126989813595493,0.012897645490477672,-0.006677796327211993,-0.06504066490482452,0.0,-0.018226958837414653,-0.07104316276827982,-0.028795871812024587,-0.01730696098126505,-0.022142887115478516,-0.04133109806528279,-0.0263157234297543,0.022040853694993645,-0.014130479501799686,0.004385925775139299,0.0018796496963491283,0.005780341244511877,0.013476026902763616,0.007111469579768714,-0.004237284282951559,0.011892130837333648,-0.021052657098321603,-0.017087065809503033,-0.0041067723606769135,0.0009880327669413713,-0.006136704050428654,0.012173931975145491,0.021739155849295644,-0.009462602599217163,-0.002035883465424604,-0.03649637238312409,-0.04835170209251982,-0.007936476550202909,-0.0019283125268301227,-0.010138287878723395,-0.03661977801371141,-0.04903417533432397,-0.047619122959180804,-0.04400446265016955,-0.03043475421480002,-0.021739225819796704,0.007404510819732035,0.004333004756978065,-0.012877251103096121,0.01737439243764971,0.0,-0.006528520797757786,-0.16417910447761197,-0.012371136835953589,0.010181012560451563,-0.007092097065115932,0.0023753513644384494,0.010218927273558664,-0.0016263290254285856,0.013806645454467636,-0.022460466086290043,0.022942020900084126,-0.00480147579462975,-0.05256870528512181,-0.011101191631409435,0.00018266471038530518
2015-03-20,0.009189193313186239,0.01010747271974588,0.027075854106146213,0.042229048746169395,0.012258271525630082,0.015435439253519645,-0.0006112609112929324,0.057675119816333886,-0.0034390520627640697,0.028013576501399573,0.004201680672268893,0.021739130434782705,-0.11290317194058397,0.055696208922817236,0.012584715914913502,0.03557938073048805,0.02567165364891455,0.01972245917016391,0.055991045809782314,0.05945944366938116,0.05431304525870018,0.04410140289692155,0.03347889707494067,0.041275785283722666,0.05890802373059567,0.002346478946361863,0.012104948993584497,0.010638338885950116,0.02564113376248467,-0.010752755322891105,0.005794676760456641,0.011340269331396646,-0.003948552681241502,0.008419864386114417,0.0034363627307554268,0.052848292085483584,0.020167488083753238,0.0008400070507581514,0.010101000370632551,0.011547448212634093,0.04933340476057935,0.03438954118461823,0.010242125495486754,0.005847953915602666,0.006250000000000089,0.0,0.05408518869089263,0.0336323080906864,-0.013333478568891555,0.01779499413703589,0.017257243310555337,0.011822217695109494,0.00948770353159012,0.0,0.0,-0.0535714285714286,0.006263049459855008,0.06942887618936955,0.008928465098945626,0.023696682036039585,-0.0031792059451258847,0.010262306908652263,-0.01167314092180416,0.05744127432803303,-0.04045743109971012,0.00964936213911205,0.1223202788385016,0.01988067668877802,0.00018266471038530518
2015-03-23,0.009105520921223853,0.016260057864592614,-0.01405967873073144,0.0008353613186677933,-0.0024219915198052666,-0.0024429728654546956,0.003058057241222656,0.006711575960785865,-0.011764759869479002,0.029727549179001445,0.05439330543933063,0.005106418690782988,0.0,0.03916874763374523,0.032504794583932295,0.026027984790936376,0.008148973793727032,-0.0007163487718130357,0.042417756940241746,0.008503352538192788,0.0015151862161113527,-0.010559680609579236,0.0028168987598808926,0.032432438936701,0.05291727942722613,-0.025751067851083276,0.0043188958294475555,0.0021053113435443027,0.020833123814240517,0.005434762496351109,-0.003292178033653781,0.002548380984804366,-0.000991132357180069,-0.006401249768821393,-0.0085616062075492,-0.054106921749354275,-0.007398819534113588,0.01366910354474582,0.01874995231628418,-0.01826474019386992,-0.0038120952547952003,-0.0164363289702526,0.001843316279233509,-0.037790642730263,-0.02329192546583847,0.17500006921875277,0.006550264259409522,0.011930548101024563,0.02252262685618578,0.0034207218073563084,0.025446840209014443,0.03344077090698505,-0.017293114354582473,0.0,0.006285657267200984,0.011320725926813102,-0.005532497091720767,0.015706766024549346,0.03539834475450654,-0.00648154141317403,0.014786912627545501,-0.00032247285347286603,-0.015748016714081325,0.0064197116427950895,0.008249331089778877,-0.017202918463533168,0.014044944422215933,-0.001135335886235489,0.00018279737350113123
2015-03-24,-0.01008495395534903,-0.012307593983294396,-0.023173010863918653,-0.017946511446480407,-0.0024278058407052328,-0.009523804479960818,0.0018293102038617892,-0.033333465503978754,0.0015873259206811152,-0.028067391657973118,0.039682539682539764,-0.026248976172920435,0.0,0.007692211190777565,0.01111110031850071,0.0035516585582828775,-0.018764490545534307,0.005376330486780656,0.007121055954165456,-0.013490712651246017,0.032526425326472985,-0.007470643645372421,0.00814607986942173,0.03490401149173139,-0.0012886892508864323,-0.035242258108351576,0.024809787627472435,-0.025210158955061512,0.02551032452471702,-0.01711705411469433,-0.026424418158243035,-0.0020336001714383878,-0.001984069253094356,-0.0061624881719331,-0.003454228199981979,0.0006892199325270187,0.0004658577647072004,-0.0028388900936726635,0.004907971009235457,-0.020930283133285932,0.02678577700670548,-0.012533229193401607,0.01655932244446623,-0.03021148222872516,-0.027027027027026973,0.04255316541874188,0.002169143547736674,0.00964631868422794,0.01762105584496121,-0.015151475733642394,0.017725326908864414,-0.025730988585875303,0.02257066868825186,0.0,0.019307234089573022,0.007462715247501972,0.011821969921214759,-0.03195870845752813,-0.017094070573823172,0.0219012693734546,-0.0028571639685852634,0.003064513705844707,-0.030000019073486373,-0.03925413493640473,-0.008863656113315743,-0.0032415035914943324,0.004986158248865724,-0.007744470987131047,0.00018279737350113123
2015-03-25,-0.012332415385564177,0.00934583021049562,-0.010948895820576232,-0.022949464503578265,0.000540832775352218,0.0005494674423329737,-0.003043283230702576,0.010344950272670461,0.009350215706058318,0.026402615333808388,0.04961832061068705,-0.02260871555494226,-0.0545454659537401,-0.00610685313416004,-0.012820544170753068,-0.02173934102014008,-0.007060829048568085,0.03778971130560693,-0.056060653130271976,0.03931624321760263,0.02197803656548114,-0.012903227815961649,-0.010866546246129705,0.01854974175848123,-0.011612922914566504,0.004566235353043124,-0.017107857104442292,-0.034482726727597,0.007462521542364486,0.019248323886240204,0.019508099801087253,-0.0076413461509499125,0.006958128843909117,-0.0008455353522430764,0.03581741291756457,-0.020661208933616004,0.015133818902904661,0.03784104971236024,0.05128206322500062,-0.0190024981344582,-0.012422332728675434,-0.004999967721792342,0.020814508333569126,-0.020249254321141108,-0.02614379084967322,-0.02040819647646841,0.051948106904829316,0.040339714582085184,0.017316346928573312,-0.009615374939180188,0.004354069894332291,-0.012404940727556935,0.0310513742505103,0.0,-0.009749275711971261,0.007407435664424256,-0.017182119322852185,-0.01597450124815547,0.0,-0.027359798135895064,0.0017192433814152697,0.010612647839826073,0.06597941813477615,0.009193069758792527,0.01146528603640573,0.007154499236257328,-0.0022050170630951715,0.006834155244049178,0.00018279737350113123
2015-03-26,-0.01845820581865587,-0.043210011178299035,0.017527594258871293,-0.03914743921228414,-0.02486485993499632,-0.030752343640249147,-0.031746003097171016,-0.04607514074879504,-0.012717833098292108,-0.06430862251169767,0.032727272727272716,-0.04804270221077667,0.0,-0.02841784987903584,-0.07050086215522089,-0.03462514185144949,-0.02251861953956391,-0.02026795397517389,-0.020866657656991028,-0.0065789411768027994,0.0,-0.008714633385440429,-0.028168987598808592,-0.06456957578136446,-0.048302858084792843,-0.0057851773794764805,-0.02200334227984002,-0.020089319688552987,-0.018271599696328966,-0.026978318146187785,-0.04326126771715766,-0.01950714423492117,-0.02862781342443388,-0.02820879258753828,-0.011712174290951838,-0.021097031573550917,-0.010894504158432183,-0.017030558432165943,0.0023229336307999393,-0.019370355460304856,-0.012578720089137185,-0.009277219585660745,-0.024822671950315622,-0.08108105648211117,-0.0587248322147651,0.0,-0.05041159581596011,-0.04795920998788927,-0.004255501017250807,-0.023300972600162062,-0.020231126563943214,-0.01742302673657603,0.003265434723424665,0.0,-0.01631501479686215,-0.02573532144503532,-0.02797206489072257,-0.03679655422185646,-0.011304283521954672,0.007969998917112475,0.0011441403084246904,-0.015751770482614003,0.003868468207228748,-0.04251012868715054,0.0020403581962167294,-0.018082164405832324,-0.0033148875512626352,-0.024644220756681712,0.00018279737350113123
2015-03-27,0.011061989147312934,-0.031612830821970195,0.009066370621205966,0.0031688408483789843,-0.037472316859211485,-0.02776206597843811,0.005044131490404835,-0.03398925115491014,0.006361356804784446,-0.030068760407769513,-0.07535211267605635,0.00934583021049562,0.0,0.009486139594322873,-0.005988065556445155,0.025160456971490497,0.0021218638946336466,-0.042777040712529746,-0.05737710845106336,-0.0711920250090039,-0.02580642735479799,-0.007692300346469727,-0.00840580970092708,-0.03185824599393161,-0.017832663253934178,0.012053238651889675,0.01108130692236009,-0.0068336523652807735,0.014084466604019408,-0.0794825285042775,-0.08260867906653357,0.018324626936096156,-0.019308880145394003,-0.01741653192128123,0.01410830918031114,0.009339130107657079,0.013101464202583957,-0.009418620828553603,-0.012746194115707987,-0.019753036863423223,-0.014012695528742292,0.02341008197878458,-0.034545516967773415,0.02768166285807272,0.04991087344028511,0.04166673588541947,-0.0010833451466344401,0.0032154054894435458,-0.004273687699603901,-0.009145140755217773,0.02359879649119878,-0.027628869125523536,-0.003616650798420773,0.0,-0.008578860283222745,0.011320725926813102,-0.016546735032414883,-0.05337072451176694,-0.005277123049755472,-0.009302361066951259,0.010857157400580908,0.007112819055606456,-0.009633948012255145,-0.03012683364300861,0.017647097966236203,0.019072831201835783,-0.0016630091531584235,-0.009588770264926882,0.00018279737350113123
2015-03-30,0.0202406410277145,0.03597598341712138,0.019766313807173308,0.029783386821150337,0.018313735414220655,0.020979028414803036,0.03042657901159007,0.00833326389585265,-0.004424833683223883,-0.012400384747191406,0.00990099009900991,0.013888853322332029,0.0,0.014878694083986899,0.0240963624697752,0.03289834453093854,0.027828079448739107,0.01501830984872421,0.01855068314807018,0.01782529451918613,-0.0029433378516490194,-0.007751930524327766,0.037708257339298834,0.03839116970132905,-0.01117317394007622,0.025461968056336604,0.03287941358432822,0.041284363033615934,0.002480044138400306,0.03815277166590714,0.04644547509567709,0.007712062346860504,0.031088024122024382,0.03367798648461662,0.014468603994485019,0.030604944749757834,0.020256342277630957,0.04930154968108269,-0.031690192870546086,0.012594328058799675,0.021963884789188093,0.029355717544859106,0.0244821862426563,-0.07070707557470168,-0.08149405772495755,-0.020000031895999193,0.04013013826932532,0.03739320452004957,-0.017167296996341785,0.01926163892445909,0.015850121756998847,-0.02459711304421819,0.018148802195615543,0.0,0.049899075878376165,-0.03358207627430465,0.0482808695663548,-0.00712171136597517,0.028293582774705728,0.004694853758291817,-0.003957034568844331,0.029534497271233473,-0.0038910469739347198,0.014713921098133964,0.0022232151614556273,0.027428067951121626,0.053303668643665425,0.022916458728416078,0.00018266471038530518
2015-03-31,-0.00911528577861398,-0.02122189240216199,-0.020264425338607395,0.0039439155912128765,0.022395625534586516,0.011986322888776213,0.0006088419693361935,-0.033057863014583466,0.004761914151964142,-0.013452881045931897,-0.011312217194570096,0.016438384320653254,0.0,-0.01080251303105817,0.0009804146145917514,0.034378111183773985,-0.0023540452964047054,0.006495861101512901,0.04439377119621457,-0.050788084048268956,-0.02214023516693342,-0.0033481340637321333,-0.005633797519761674,0.014084555538964372,-0.03954798530910497,-0.01682018773902494,0.004823212206677363,-0.028634386681328894,-0.00742184638679233,-0.023210858919967436,-0.02626811257745254,0.004591844430420489,0.003015069848037122,0.009145455546706316,-0.00822821624231973,-0.005524844292700837,0.018283760399865123,-0.03669310923276703,-0.038787899595318365,-0.0024874890407390327,0.011377990289117568,-0.003703717832212128,0.0018381371024271953,-0.07065221618707263,-0.055452865064695045,0.02040819647646841,-0.001042776717697702,-0.005149350209931125,0.0,0.0051180999453919185,0.01276597909048105,-0.009999980097231687,0.021033951763179237,0.0,0.008241834064047548,0.007722037292863915,-0.025819972593638885,0.05857738009868041,0.07824598624664092,-0.016355158304146022,0.04426782863557088,0.012628638709709872,-0.02929689428128812,-0.036519885850003986,-0.01286604395245916,-0.0012562085211137441,-0.023194446106238664,-0.001814882032667886,0.00018266471038530518
2015-04-01,0.025432967118258265,0.09724048479493974,0.0539568572068847,0.037538219820141494,0.03385337939312594,0.032487306510256886,0.017645325521810973,-0.01994308459118943,0.0009478564971092673,0.0009091117165305196,0.013729977116704761,0.0017969006184830327,0.0,0.04056166004328876,0.0381978787331656,0.018572850245811567,0.038347912843452514,0.039082114608882,0.008174555344366619,0.029520266634666337,0.042264182612581136,0.02463607869358997,0.02832865265202167,0.032985985018476605,0.07058823611909548,-0.009775958394160011,0.030720051085763478,0.04308391469264006,0.04337000063384755,0.00990095240452038,0.02604648678801791,0.03098012628023139,0.03507010345145156,0.03370158589925443,0.006084094159390263,0.011111075547727278,0.020158670667088874,0.027174568519125142,0.05296350091083113,0.01745638266238214,0.007500035732564081,0.014498189685044238,0.013761504091166943,0.1812866112396998,0.17416829745596862,0.1799999326640016,0.05219206722149683,0.06211184171296491,0.03930132195660918,0.020368217589281645,-0.005602262147486492,0.023276186589454628,-0.0013965669093726207,0.0,0.005177084116801289,0.0,0.04584529279910243,0.027668080395125916,0.032695272060737635,0.0,-0.02445654698921418,0.02648191812073497,-0.012072423604111981,-0.0222965221082857,-0.03932583354829844,0.01698112030590515,0.01672959818969666,0.02291300097751714,0.00018266471038530518
2015-04-02,-0.005277064772751694,-0.005988018822791763,0.025597310345059077,0.03491795993781577,0.020866769580639266,0.009832878150562552,0.03049328653211192,0.029069863593250922,0.0014205016225810052,0.06902817557516272,-0.012039127163280705,0.04035881420045917,0.0,0.037481298305927835,0.02641506819760786,-0.005278135278403595,0.014488744496708117,0.0006901469316631381,0.0027026007314778777,0.008960607781093755,0.0,-0.004371655396588903,-0.002754883902634897,0.00672267263717341,0.00961534241852191,0.002056813883489772,-0.0003105850589540937,0.0,-0.008600160537877266,-0.015686333182226453,-0.02266545839096379,0.02413801462476073,0.01742502364902032,0.009589015370844,-0.003298570200501394,0.030906638693241506,0.0047510865585875806,0.03335212001636978,-0.016766507416387855,0.01715682673459762,0.03349865741160718,0.05166727006629945,0.003619906237498194,0.018151782666885996,-0.0016666666666667052,0.10169493307095712,0.051587347390820826,0.04191026724258928,-0.05882363630820142,0.023032631245383017,0.024788762482119253,0.010729614085237982,0.05874104933305224,0.0,0.01165629045712313,0.007662791289950066,0.015068527262922293,0.0,0.042471003900220516,-0.0023752607540488135,0.027855200470389807,-0.01454925747595659,0.018329970546806962,0.02622571610389368,0.01450295579037375,-0.0006184316080655172,0.014331234372446877,0.015309047819273003,0.00018266471038530518
2015-04-06,0.02068962237432226,0.015060184897933926,-0.00915128767470208,0.03577232305368061,0.0009433832290914879,0.009737068294439988,0.044096327355240605,-0.0009416550786015554,0.016548463655597923,0.028037375605060477,0.0038080731150038627,0.03362063593303288,0.0,0.01372824958978125,0.04963234891296464,0.013024329177536265,0.029123554552786812,-0.007241347740436388,0.0636119120707419,0.03019539482031197,0.0181028234904963,0.00658611703890033,0.012430960695181126,0.015025124695721592,0.02857143413221186,0.002873550618651244,-0.0046582958831469234,0.010869606906841245,0.02168656111413436,-0.003984048963301068,0.0,0.023569011521889838,0.01807811722916841,0.012211606953065113,0.013237831375411346,0.018654203309236728,0.0072004715461468916,-0.005689241432597525,0.02070646473861837,0.09638547534127939,0.025210205734450986,0.0048780273842090605,0.027953133087743387,0.03403569292354902,0.03338898163606019,0.09230770698698243,-0.0018868355701793238,0.001870950285196793,0.022321532965805968,0.032270150711932066,0.021165487497429636,0.01613592698199451,0.003963027790572671,0.011627839925551386,0.03429787499997872,0.011406887951024514,0.02901483639189051,0.0329669477455663,0.03703704529099894,-0.0014286041259765625,0.0,0.010958838680805716,0.0100000381469727,0.007222175598144531,-0.0016140223969932643,0.0024753339284160347,0.02407111825121988,0.011558082186623464,0.00018266471038530518
2015-04-07,0.010395050172489206,0.0029674840024647153,-0.02518895272808208,-0.03139714487570722,-0.006911666050052778,0.0054644402775732015,-0.0330648064992517,0.041470315805400615,0.0031007604558013213,0.005785098563419799,-0.017450682852807264,-0.007506268082230094,0.0,-0.005702119897420865,0.007880923991823385,-0.005237921400175427,-0.04544217134371975,0.01806177609861015,-0.01064368678666483,-0.01379317205385755,-0.004267455037411327,-0.009814588524673873,-0.01855390966141046,-0.00328946542558195,0.003968281750716507,-0.007368002575818489,-0.023400932667940633,-0.017204284315123886,-0.02641502041085675,-0.010999959024425632,-0.007421143384760076,0.008458571053529651,-0.0018692570661383856,0.0005362878954320305,-0.011976093042061042,-0.03204709182420851,-0.0023474077936822546,0.0029709557686730115,-0.04176615473627321,-0.032966906722313505,0.00702573278814933,-0.030513213018699248,-0.01666660531919395,-0.0313479643916762,-0.008077544426494332,-0.04225352727831777,0.023629489773420387,0.019607846629224435,0.008733580467904956,0.013449705406144208,-0.001076740615999161,-0.017551193938058707,0.007565901275754738,-0.09195399211914224,-0.03056989624539075,-0.026315817778224226,-0.017049177038929497,-0.026595745760156553,-0.014285617070047718,0.0014306479555485918,-0.009485126084435525,-0.014604020534110806,-0.04950494862528321,0.04798681078353728,-0.00692842147168804,0.004320927659033913,-0.001021995813774157,-0.00014887321584755586,0.00018266471038530518
